0 0 0 -10.000000 
1 1 0 -10.000000 
2 2 0 -10.000000 
3 3 0 -10.000000 
4 4 0 -10.000000 
5 5 0 -10.000000 
6 6 0 -10.000000 
7 7 0 -10.000000 
8 8 0 -10.000000 
9 9 0 -10.000000 
10 10 0 -10.000000 
11 11 0 -10.000000 
12 12 0 -10.000000 
13 13 0 -10.000000 
14 14 0 -10.000000 
15 15 0 -10.000000 
16 16 0 -10.000000 
17 17 0 -10.000000 
18 18 0 -10.000000 
19 19 0 -10.000000 
20 20 0 -10.000000 
21 21 0 -10.000000 
22 22 0 -10.000000 
23 23 0 -10.000000 
24 24 0 -10.000000 
25 25 0 -10.000000 
26 26 0 -10.000000 
27 27 0 -10.000000 
28 28 0 -10.000000 
29 29 0 -10.000000 
30 30 0 -10.000000 
31 31 0 -10.000000 
32 32 0 -10.000000 
33 33 0 -10.000000 
34 34 0 -10.000000 
35 35 0 -10.000000 
36 36 0 -10.000000 
37 37 0 -10.000000 
38 38 0 -10.000000 
39 39 0 -10.000000 
40 40 0 -10.000000 
41 41 0 -10.000000 
42 42 0 -10.000000 
43 43 0 -10.000000 
44 44 0 -10.000000 
45 45 0 -10.000000 
46 46 0 -10.000000 
47 47 0 -10.000000 
48 48 0 -10.000000 
49 49 0 -10.000000 
50 50 0 -10.000000 
51 0 1 10.000000 
52 1 1 -0.000000 
53 2 1 -0.000000 
54 3 1 -0.000000 
55 4 1 -0.000000 
56 5 1 -0.000000 
57 6 1 -0.000000 
58 7 1 -0.000000 
59 8 1 -0.000000 
60 9 1 -0.000000 
61 10 1 -0.000000 
62 11 1 -0.000000 
63 12 1 -0.000000 
64 13 1 -0.000000 
65 14 1 -0.000000 
66 15 1 -0.000000 
67 16 1 -0.000000 
68 17 1 -0.000000 
69 18 1 -0.000000 
70 19 1 -0.000000 
71 20 1 -0.000000 
72 21 1 -0.000000 
73 22 1 -0.000000 
74 23 1 -0.000000 
75 24 1 -0.000000 
76 25 1 -0.000000 
77 26 1 -0.000000 
78 27 1 -0.000000 
79 28 1 -0.000000 
80 29 1 -0.000000 
81 30 1 -0.000000 
82 31 1 -0.000000 
83 32 1 -0.000000 
84 33 1 -0.000000 
85 34 1 -0.000000 
86 35 1 -0.000000 
87 36 1 -0.000000 
88 37 1 -0.000000 
89 38 1 -0.000000 
90 39 1 -0.000000 
91 40 1 -0.000000 
92 41 1 -0.000000 
93 42 1 -0.000000 
94 43 1 -0.000000 
95 44 1 -0.000000 
96 45 1 -0.000000 
97 46 1 -0.000000 
98 47 1 -0.000000 
99 48 1 -0.000000 
100 49 1 -0.000000 
101 50 1 10.000000 
102 0 2 10.000000 
103 1 2 -0.000000 
104 2 2 -0.000000 
105 3 2 -0.000000 
106 4 2 -0.000000 
107 5 2 -0.000000 
108 6 2 -0.000000 
109 7 2 -0.000000 
110 8 2 -0.000000 
111 9 2 -0.000000 
112 10 2 -0.000000 
113 11 2 -0.000000 
114 12 2 -0.000000 
115 13 2 -0.000000 
116 14 2 -0.000000 
117 15 2 -0.000000 
118 16 2 -0.000000 
119 17 2 -0.000000 
120 18 2 -0.000000 
121 19 2 -0.000000 
122 20 2 -0.000000 
123 21 2 -0.000000 
124 22 2 -0.000000 
125 23 2 -0.000000 
126 24 2 -0.000000 
127 25 2 -0.000000 
128 26 2 -0.000000 
129 27 2 -0.000000 
130 28 2 -0.000000 
131 29 2 -0.000000 
132 30 2 -0.000000 
133 31 2 -0.000000 
134 32 2 -0.000000 
135 33 2 -0.000000 
136 34 2 -0.000000 
137 35 2 -0.000000 
138 36 2 -0.000000 
139 37 2 -0.000000 
140 38 2 -0.000000 
141 39 2 -0.000000 
142 40 2 -0.000000 
143 41 2 -0.000000 
144 42 2 -0.000000 
145 43 2 -0.000000 
146 44 2 -0.000000 
147 45 2 -0.000000 
148 46 2 -0.000000 
149 47 2 -0.000000 
150 48 2 -0.000000 
151 49 2 -0.000000 
152 50 2 10.000000 
153 0 3 10.000000 
154 1 3 -0.000000 
155 2 3 -0.000000 
156 3 3 -0.000000 
157 4 3 -0.000000 
158 5 3 -0.000000 
159 6 3 -0.000000 
160 7 3 -0.000000 
161 8 3 -0.000000 
162 9 3 -0.000000 
163 10 3 -0.000000 
164 11 3 -0.000000 
165 12 3 -0.000000 
166 13 3 -0.000000 
167 14 3 -0.000000 
168 15 3 -0.000000 
169 16 3 -0.000000 
170 17 3 -0.000000 
171 18 3 -0.000000 
172 19 3 -0.000000 
173 20 3 -0.000000 
174 21 3 -0.000000 
175 22 3 -0.000000 
176 23 3 -0.000000 
177 24 3 -0.000000 
178 25 3 -0.000000 
179 26 3 -0.000000 
180 27 3 -0.000000 
181 28 3 -0.000000 
182 29 3 -0.000000 
183 30 3 -0.000000 
184 31 3 -0.000000 
185 32 3 -0.000000 
186 33 3 -0.000000 
187 34 3 -0.000000 
188 35 3 -0.000000 
189 36 3 -0.000000 
190 37 3 -0.000000 
191 38 3 -0.000000 
192 39 3 -0.000000 
193 40 3 -0.000000 
194 41 3 -0.000000 
195 42 3 -0.000000 
196 43 3 -0.000000 
197 44 3 -0.000000 
198 45 3 -0.000000 
199 46 3 -0.000000 
200 47 3 -0.000000 
201 48 3 -0.000000 
202 49 3 -0.000000 
203 50 3 10.000000 
204 0 4 10.000000 
205 1 4 -0.000000 
206 2 4 -0.000000 
207 3 4 -0.000000 
208 4 4 -0.000000 
209 5 4 -0.000000 
210 6 4 -0.000000 
211 7 4 -0.000000 
212 8 4 -0.000000 
213 9 4 -0.000000 
214 10 4 -0.000000 
215 11 4 -0.000000 
216 12 4 -0.000000 
217 13 4 -0.000000 
218 14 4 -0.000000 
219 15 4 -0.000000 
220 16 4 -0.000000 
221 17 4 -0.000000 
222 18 4 -0.000000 
223 19 4 -0.000000 
224 20 4 -0.000000 
225 21 4 -0.000000 
226 22 4 -0.000000 
227 23 4 -0.000000 
228 24 4 -0.000000 
229 25 4 -0.000000 
230 26 4 -0.000000 
231 27 4 -0.000000 
232 28 4 -0.000000 
233 29 4 -0.000000 
234 30 4 -0.000000 
235 31 4 -0.000000 
236 32 4 -0.000000 
237 33 4 -0.000000 
238 34 4 -0.000000 
239 35 4 -0.000000 
240 36 4 -0.000000 
241 37 4 -0.000000 
242 38 4 -0.000000 
243 39 4 -0.000000 
244 40 4 -0.000000 
245 41 4 -0.000000 
246 42 4 -0.000000 
247 43 4 -0.000000 
248 44 4 -0.000000 
249 45 4 -0.000000 
250 46 4 -0.000000 
251 47 4 -0.000000 
252 48 4 -0.000000 
253 49 4 -0.000000 
254 50 4 10.000000 
255 0 5 10.000000 
256 1 5 -0.000000 
257 2 5 -0.000000 
258 3 5 -0.000000 
259 4 5 -0.000000 
260 5 5 -0.000000 
261 6 5 -0.000000 
262 7 5 -0.000000 
263 8 5 -0.000000 
264 9 5 -0.000000 
265 10 5 -0.000000 
266 11 5 -0.000000 
267 12 5 -0.000000 
268 13 5 -0.000000 
269 14 5 -0.000000 
270 15 5 -0.000000 
271 16 5 -0.000000 
272 17 5 -0.000000 
273 18 5 -0.000000 
274 19 5 -0.000000 
275 20 5 -0.000000 
276 21 5 -0.000000 
277 22 5 -0.000000 
278 23 5 -0.000000 
279 24 5 -0.000000 
280 25 5 -0.000000 
281 26 5 -0.000000 
282 27 5 -0.000000 
283 28 5 -0.000000 
284 29 5 -0.000000 
285 30 5 -0.000000 
286 31 5 -0.000000 
287 32 5 -0.000000 
288 33 5 -0.000000 
289 34 5 -0.000000 
290 35 5 -0.000000 
291 36 5 -0.000000 
292 37 5 -0.000000 
293 38 5 -0.000000 
294 39 5 -0.000000 
295 40 5 -0.000000 
296 41 5 -0.000000 
297 42 5 -0.000000 
298 43 5 -0.000000 
299 44 5 -0.000000 
300 45 5 -0.000000 
301 46 5 -0.000000 
302 47 5 -0.000000 
303 48 5 -0.000000 
304 49 5 -0.000000 
305 50 5 10.000000 
306 0 6 10.000000 
307 1 6 -0.000000 
308 2 6 -0.000000 
309 3 6 -0.000000 
310 4 6 -0.000000 
311 5 6 -0.000000 
312 6 6 -0.000000 
313 7 6 -0.000000 
314 8 6 -0.000000 
315 9 6 -0.000000 
316 10 6 -0.000000 
317 11 6 -0.000000 
318 12 6 -0.000000 
319 13 6 -0.000000 
320 14 6 -0.000000 
321 15 6 -0.000000 
322 16 6 -0.000000 
323 17 6 -0.000000 
324 18 6 -0.000000 
325 19 6 -0.000000 
326 20 6 -0.000000 
327 21 6 -0.000000 
328 22 6 -0.000000 
329 23 6 -0.000000 
330 24 6 -0.000000 
331 25 6 -0.000000 
332 26 6 -0.000000 
333 27 6 -0.000000 
334 28 6 -0.000000 
335 29 6 -0.000000 
336 30 6 -0.000000 
337 31 6 -0.000000 
338 32 6 -0.000000 
339 33 6 -0.000000 
340 34 6 -0.000000 
341 35 6 -0.000000 
342 36 6 -0.000000 
343 37 6 -0.000000 
344 38 6 -0.000000 
345 39 6 -0.000000 
346 40 6 -0.000000 
347 41 6 -0.000000 
348 42 6 -0.000000 
349 43 6 -0.000000 
350 44 6 -0.000000 
351 45 6 -0.000000 
352 46 6 -0.000000 
353 47 6 -0.000000 
354 48 6 -0.000000 
355 49 6 -0.000000 
356 50 6 10.000000 
357 0 7 10.000000 
358 1 7 -0.000000 
359 2 7 -0.000000 
360 3 7 -0.000000 
361 4 7 -0.000000 
362 5 7 -0.000000 
363 6 7 -0.000000 
364 7 7 -0.000000 
365 8 7 -0.000000 
366 9 7 -0.000000 
367 10 7 -0.000000 
368 11 7 -0.000000 
369 12 7 -0.000000 
370 13 7 -0.000000 
371 14 7 -0.000000 
372 15 7 -0.000000 
373 16 7 -0.000000 
374 17 7 -0.000000 
375 18 7 -0.000000 
376 19 7 -0.000000 
377 20 7 -0.000000 
378 21 7 -0.000000 
379 22 7 -0.000000 
380 23 7 -0.000000 
381 24 7 -0.000000 
382 25 7 -0.000000 
383 26 7 -0.000000 
384 27 7 -0.000000 
385 28 7 -0.000000 
386 29 7 -0.000000 
387 30 7 -0.000000 
388 31 7 -0.000000 
389 32 7 -0.000000 
390 33 7 -0.000000 
391 34 7 -0.000000 
392 35 7 -0.000000 
393 36 7 -0.000000 
394 37 7 -0.000000 
395 38 7 -0.000000 
396 39 7 -0.000000 
397 40 7 -0.000000 
398 41 7 -0.000000 
399 42 7 -0.000000 
400 43 7 -0.000000 
401 44 7 -0.000000 
402 45 7 -0.000000 
403 46 7 -0.000000 
404 47 7 -0.000000 
405 48 7 -0.000000 
406 49 7 -0.000000 
407 50 7 10.000000 
408 0 8 10.000000 
409 1 8 -0.000000 
410 2 8 -0.000000 
411 3 8 -0.000000 
412 4 8 -0.000000 
413 5 8 -0.000000 
414 6 8 -0.000000 
415 7 8 -0.000000 
416 8 8 -0.000000 
417 9 8 -0.000000 
418 10 8 -0.000000 
419 11 8 -0.000000 
420 12 8 -0.000000 
421 13 8 -0.000000 
422 14 8 -0.000000 
423 15 8 -0.000000 
424 16 8 -0.000000 
425 17 8 -0.000000 
426 18 8 -0.000000 
427 19 8 -0.000000 
428 20 8 -0.000000 
429 21 8 -0.000000 
430 22 8 -0.000000 
431 23 8 -0.000000 
432 24 8 -0.000000 
433 25 8 -0.000000 
434 26 8 -0.000000 
435 27 8 -0.000000 
436 28 8 -0.000000 
437 29 8 -0.000000 
438 30 8 -0.000000 
439 31 8 -0.000000 
440 32 8 -0.000000 
441 33 8 -0.000000 
442 34 8 -0.000000 
443 35 8 -0.000000 
444 36 8 -0.000000 
445 37 8 -0.000000 
446 38 8 -0.000000 
447 39 8 -0.000000 
448 40 8 -0.000000 
449 41 8 -0.000000 
450 42 8 -0.000000 
451 43 8 -0.000000 
452 44 8 -0.000000 
453 45 8 -0.000000 
454 46 8 -0.000000 
455 47 8 -0.000000 
456 48 8 -0.000000 
457 49 8 -0.000000 
458 50 8 10.000000 
459 0 9 10.000000 
460 1 9 -0.000000 
461 2 9 -0.000000 
462 3 9 -0.000000 
463 4 9 -0.000000 
464 5 9 -0.000000 
465 6 9 -0.000000 
466 7 9 -0.000000 
467 8 9 -0.000000 
468 9 9 -0.000000 
469 10 9 -0.000000 
470 11 9 -0.000000 
471 12 9 -0.000000 
472 13 9 -0.000000 
473 14 9 -0.000000 
474 15 9 -0.000000 
475 16 9 -0.000000 
476 17 9 -0.000000 
477 18 9 -0.000000 
478 19 9 -0.000000 
479 20 9 -0.000000 
480 21 9 -0.000000 
481 22 9 -0.000000 
482 23 9 -0.000000 
483 24 9 -0.000000 
484 25 9 -0.000000 
485 26 9 -0.000000 
486 27 9 -0.000000 
487 28 9 -0.000000 
488 29 9 -0.000000 
489 30 9 -0.000000 
490 31 9 -0.000000 
491 32 9 -0.000000 
492 33 9 -0.000000 
493 34 9 -0.000000 
494 35 9 -0.000000 
495 36 9 -0.000000 
496 37 9 -0.000000 
497 38 9 -0.000000 
498 39 9 -0.000000 
499 40 9 -0.000000 
500 41 9 -0.000000 
501 42 9 -0.000000 
502 43 9 -0.000000 
503 44 9 -0.000000 
504 45 9 -0.000000 
505 46 9 -0.000000 
506 47 9 -0.000000 
507 48 9 -0.000000 
508 49 9 -0.000000 
509 50 9 10.000000 
510 0 10 10.000000 
511 1 10 -0.000000 
512 2 10 -0.000000 
513 3 10 -0.000000 
514 4 10 -0.000000 
515 5 10 -0.000000 
516 6 10 -0.000000 
517 7 10 -0.000000 
518 8 10 -0.000000 
519 9 10 -0.000000 
520 10 10 -0.000000 
521 11 10 -0.000000 
522 12 10 -0.000000 
523 13 10 -0.000000 
524 14 10 -0.000000 
525 15 10 -0.000000 
526 16 10 -0.000000 
527 17 10 -0.000000 
528 18 10 -0.000000 
529 19 10 -0.000000 
530 20 10 -0.000000 
531 21 10 -0.000000 
532 22 10 -0.000000 
533 23 10 -0.000000 
534 24 10 -0.000000 
535 25 10 -0.000000 
536 26 10 -0.000000 
537 27 10 -0.000000 
538 28 10 -0.000000 
539 29 10 -0.000000 
540 30 10 -0.000000 
541 31 10 -0.000000 
542 32 10 -0.000000 
543 33 10 -0.000000 
544 34 10 -0.000000 
545 35 10 -0.000000 
546 36 10 -0.000000 
547 37 10 -0.000000 
548 38 10 -0.000000 
549 39 10 -0.000000 
550 40 10 -0.000000 
551 41 10 -0.000000 
552 42 10 -0.000000 
553 43 10 -0.000000 
554 44 10 -0.000000 
555 45 10 -0.000000 
556 46 10 -0.000000 
557 47 10 -0.000000 
558 48 10 -0.000000 
559 49 10 -0.000000 
560 50 10 10.000000 
561 0 11 10.000000 
562 1 11 -0.000000 
563 2 11 -0.000000 
564 3 11 -0.000000 
565 4 11 -0.000000 
566 5 11 -0.000000 
567 6 11 -0.000000 
568 7 11 -0.000000 
569 8 11 -0.000000 
570 9 11 -0.000000 
571 10 11 -0.000000 
572 11 11 -0.000000 
573 12 11 -0.000000 
574 13 11 -0.000000 
575 14 11 -0.000000 
576 15 11 -0.000000 
577 16 11 -0.000000 
578 17 11 -0.000000 
579 18 11 -0.000000 
580 19 11 -0.000000 
581 20 11 -0.000000 
582 21 11 -0.000000 
583 22 11 -0.000000 
584 23 11 -0.000000 
585 24 11 -0.000000 
586 25 11 -0.000000 
587 26 11 -0.000000 
588 27 11 -0.000000 
589 28 11 -0.000000 
590 29 11 -0.000000 
591 30 11 -0.000000 
592 31 11 -0.000000 
593 32 11 -0.000000 
594 33 11 -0.000000 
595 34 11 -0.000000 
596 35 11 -0.000000 
597 36 11 -0.000000 
598 37 11 -0.000000 
599 38 11 -0.000000 
600 39 11 -0.000000 
601 40 11 -0.000000 
602 41 11 -0.000000 
603 42 11 -0.000000 
604 43 11 -0.000000 
605 44 11 -0.000000 
606 45 11 -0.000000 
607 46 11 -0.000000 
608 47 11 -0.000000 
609 48 11 -0.000000 
610 49 11 -0.000000 
611 50 11 10.000000 
612 0 12 10.000000 
613 1 12 -0.000000 
614 2 12 -0.000000 
615 3 12 -0.000000 
616 4 12 -0.000000 
617 5 12 -0.000000 
618 6 12 -0.000000 
619 7 12 -0.000000 
620 8 12 -0.000000 
621 9 12 -0.000000 
622 10 12 -0.000000 
623 11 12 -0.000000 
624 12 12 -0.000000 
625 13 12 -0.000000 
626 14 12 -0.000000 
627 15 12 -0.000000 
628 16 12 -0.000000 
629 17 12 -0.000000 
630 18 12 -0.000000 
631 19 12 -0.000000 
632 20 12 -0.000000 
633 21 12 -0.000000 
634 22 12 -0.000000 
635 23 12 -0.000000 
636 24 12 -0.000000 
637 25 12 -0.000000 
638 26 12 -0.000000 
639 27 12 -0.000000 
640 28 12 -0.000000 
641 29 12 -0.000000 
642 30 12 -0.000000 
643 31 12 -0.000000 
644 32 12 -0.000000 
645 33 12 -0.000000 
646 34 12 -0.000000 
647 35 12 -0.000000 
648 36 12 -0.000000 
649 37 12 -0.000000 
650 38 12 -0.000000 
651 39 12 -0.000000 
652 40 12 -0.000000 
653 41 12 -0.000000 
654 42 12 -0.000000 
655 43 12 -0.000000 
656 44 12 -0.000000 
657 45 12 -0.000000 
658 46 12 -0.000000 
659 47 12 -0.000000 
660 48 12 -0.000000 
661 49 12 -0.000000 
662 50 12 10.000000 
663 0 13 10.000000 
664 1 13 -0.000000 
665 2 13 -0.000000 
666 3 13 -0.000000 
667 4 13 -0.000000 
668 5 13 -0.000000 
669 6 13 -0.000000 
670 7 13 -0.000000 
671 8 13 -0.000000 
672 9 13 -0.000000 
673 10 13 -0.000000 
674 11 13 -0.000000 
675 12 13 -0.000000 
676 13 13 -0.000000 
677 14 13 -0.000000 
678 15 13 -0.000000 
679 16 13 -0.000000 
680 17 13 -0.000000 
681 18 13 -0.000000 
682 19 13 -0.000000 
683 20 13 -0.000000 
684 21 13 -0.000000 
685 22 13 -0.000000 
686 23 13 -0.000000 
687 24 13 -0.000000 
688 25 13 -0.000000 
689 26 13 -0.000000 
690 27 13 -0.000000 
691 28 13 -0.000000 
692 29 13 -0.000000 
693 30 13 -0.000000 
694 31 13 -0.000000 
695 32 13 -0.000000 
696 33 13 -0.000000 
697 34 13 -0.000000 
698 35 13 -0.000000 
699 36 13 -0.000000 
700 37 13 -0.000000 
701 38 13 -0.000000 
702 39 13 -0.000000 
703 40 13 -0.000000 
704 41 13 -0.000000 
705 42 13 -0.000000 
706 43 13 -0.000000 
707 44 13 -0.000000 
708 45 13 -0.000000 
709 46 13 -0.000000 
710 47 13 -0.000000 
711 48 13 -0.000000 
712 49 13 -0.000000 
713 50 13 10.000000 
714 0 14 10.000000 
715 1 14 -0.000000 
716 2 14 -0.000000 
717 3 14 -0.000000 
718 4 14 -0.000000 
719 5 14 -0.000000 
720 6 14 -0.000000 
721 7 14 -0.000000 
722 8 14 -0.000000 
723 9 14 -0.000000 
724 10 14 -0.000000 
725 11 14 -0.000000 
726 12 14 -0.000000 
727 13 14 -0.000000 
728 14 14 -0.000000 
729 15 14 -0.000000 
730 16 14 -0.000000 
731 17 14 -0.000000 
732 18 14 -0.000000 
733 19 14 -0.000000 
734 20 14 -0.000000 
735 21 14 -0.000000 
736 22 14 -0.000000 
737 23 14 -0.000000 
738 24 14 -0.000000 
739 25 14 -0.000000 
740 26 14 -0.000000 
741 27 14 -0.000000 
742 28 14 -0.000000 
743 29 14 -0.000000 
744 30 14 -0.000000 
745 31 14 -0.000000 
746 32 14 -0.000000 
747 33 14 -0.000000 
748 34 14 -0.000000 
749 35 14 -0.000000 
750 36 14 -0.000000 
751 37 14 -0.000000 
752 38 14 -0.000000 
753 39 14 -0.000000 
754 40 14 -0.000000 
755 41 14 -0.000000 
756 42 14 -0.000000 
757 43 14 -0.000000 
758 44 14 -0.000000 
759 45 14 -0.000000 
760 46 14 -0.000000 
761 47 14 -0.000000 
762 48 14 -0.000000 
763 49 14 -0.000000 
764 50 14 10.000000 
765 0 15 10.000000 
766 1 15 -0.000000 
767 2 15 -0.000000 
768 3 15 -0.000000 
769 4 15 -0.000000 
770 5 15 -0.000000 
771 6 15 -0.000000 
772 7 15 -0.000000 
773 8 15 -0.000000 
774 9 15 -0.000000 
775 10 15 -0.000000 
776 11 15 -0.000000 
777 12 15 -0.000000 
778 13 15 -0.000000 
779 14 15 -0.000000 
780 15 15 -0.000000 
781 16 15 -0.000000 
782 17 15 -0.000000 
783 18 15 -0.000000 
784 19 15 -0.000000 
785 20 15 -0.000000 
786 21 15 -0.000000 
787 22 15 -0.000000 
788 23 15 -0.000000 
789 24 15 -0.000000 
790 25 15 -0.000000 
791 26 15 -0.000000 
792 27 15 -0.000000 
793 28 15 -0.000000 
794 29 15 -0.000000 
795 30 15 -0.000000 
796 31 15 -0.000000 
797 32 15 -0.000000 
798 33 15 -0.000000 
799 34 15 -0.000000 
800 35 15 -0.000000 
801 36 15 -0.000000 
802 37 15 -0.000000 
803 38 15 -0.000000 
804 39 15 -0.000000 
805 40 15 -0.000000 
806 41 15 -0.000000 
807 42 15 -0.000000 
808 43 15 -0.000000 
809 44 15 -0.000000 
810 45 15 -0.000000 
811 46 15 -0.000000 
812 47 15 -0.000000 
813 48 15 -0.000000 
814 49 15 -0.000000 
815 50 15 10.000000 
816 0 16 10.000000 
817 1 16 -0.000000 
818 2 16 -0.000000 
819 3 16 -0.000000 
820 4 16 -0.000000 
821 5 16 -0.000000 
822 6 16 -0.000000 
823 7 16 -0.000000 
824 8 16 -0.000000 
825 9 16 -0.000000 
826 10 16 -0.000000 
827 11 16 -0.000000 
828 12 16 -0.000000 
829 13 16 -0.000000 
830 14 16 -0.000000 
831 15 16 -0.000000 
832 16 16 -0.000000 
833 17 16 -0.000000 
834 18 16 -0.000000 
835 19 16 -0.000000 
836 20 16 -0.000000 
837 21 16 -0.000000 
838 22 16 -0.000000 
839 23 16 -0.000000 
840 24 16 -0.000000 
841 25 16 -0.000000 
842 26 16 -0.000000 
843 27 16 -0.000000 
844 28 16 -0.000000 
845 29 16 -0.000000 
846 30 16 -0.000000 
847 31 16 -0.000000 
848 32 16 -0.000000 
849 33 16 -0.000000 
850 34 16 -0.000000 
851 35 16 -0.000000 
852 36 16 -0.000000 
853 37 16 -0.000000 
854 38 16 -0.000000 
855 39 16 -0.000000 
856 40 16 -0.000000 
857 41 16 -0.000000 
858 42 16 -0.000000 
859 43 16 -0.000000 
860 44 16 -0.000000 
861 45 16 -0.000000 
862 46 16 -0.000000 
863 47 16 -0.000000 
864 48 16 -0.000000 
865 49 16 -0.000000 
866 50 16 10.000000 
867 0 17 10.000000 
868 1 17 -0.000000 
869 2 17 -0.000000 
870 3 17 -0.000000 
871 4 17 -0.000000 
872 5 17 -0.000000 
873 6 17 -0.000000 
874 7 17 -0.000000 
875 8 17 -0.000000 
876 9 17 -0.000000 
877 10 17 -0.000000 
878 11 17 -0.000000 
879 12 17 -0.000000 
880 13 17 -0.000000 
881 14 17 -0.000000 
882 15 17 -0.000000 
883 16 17 -0.000000 
884 17 17 -0.000000 
885 18 17 -0.000000 
886 19 17 -0.000000 
887 20 17 -0.000000 
888 21 17 -0.000000 
889 22 17 -0.000000 
890 23 17 -0.000000 
891 24 17 -0.000000 
892 25 17 -0.000000 
893 26 17 -0.000000 
894 27 17 -0.000000 
895 28 17 -0.000000 
896 29 17 -0.000000 
897 30 17 -0.000000 
898 31 17 -0.000000 
899 32 17 -0.000000 
900 33 17 -0.000000 
901 34 17 -0.000000 
902 35 17 -0.000000 
903 36 17 -0.000000 
904 37 17 -0.000000 
905 38 17 -0.000000 
906 39 17 -0.000000 
907 40 17 -0.000000 
908 41 17 -0.000000 
909 42 17 -0.000000 
910 43 17 -0.000000 
911 44 17 -0.000000 
912 45 17 -0.000000 
913 46 17 -0.000000 
914 47 17 -0.000000 
915 48 17 -0.000000 
916 49 17 -0.000000 
917 50 17 10.000000 
918 0 18 10.000000 
919 1 18 -0.000000 
920 2 18 -0.000000 
921 3 18 -0.000000 
922 4 18 -0.000000 
923 5 18 -0.000000 
924 6 18 -0.000000 
925 7 18 -0.000000 
926 8 18 -0.000000 
927 9 18 -0.000000 
928 10 18 -0.000000 
929 11 18 -0.000000 
930 12 18 -0.000000 
931 13 18 -0.000000 
932 14 18 -0.000000 
933 15 18 -0.000000 
934 16 18 -0.000000 
935 17 18 -0.000000 
936 18 18 -0.000000 
937 19 18 -0.000000 
938 20 18 -0.000000 
939 21 18 -0.000000 
940 22 18 -0.000000 
941 23 18 -0.000000 
942 24 18 -0.000000 
943 25 18 -0.000000 
944 26 18 -0.000000 
945 27 18 -0.000000 
946 28 18 -0.000000 
947 29 18 -0.000000 
948 30 18 -0.000000 
949 31 18 -0.000000 
950 32 18 -0.000000 
951 33 18 -0.000000 
952 34 18 -0.000000 
953 35 18 -0.000000 
954 36 18 -0.000000 
955 37 18 -0.000000 
956 38 18 -0.000000 
957 39 18 -0.000000 
958 40 18 -0.000000 
959 41 18 -0.000000 
960 42 18 -0.000000 
961 43 18 -0.000000 
962 44 18 -0.000000 
963 45 18 -0.000000 
964 46 18 -0.000000 
965 47 18 -0.000000 
966 48 18 -0.000000 
967 49 18 -0.000000 
968 50 18 10.000000 
969 0 19 10.000000 
970 1 19 -0.000000 
971 2 19 -0.000000 
972 3 19 -0.000000 
973 4 19 -0.000000 
974 5 19 -0.000000 
975 6 19 -0.000000 
976 7 19 -0.000000 
977 8 19 -0.000000 
978 9 19 -0.000000 
979 10 19 -0.000000 
980 11 19 -0.000000 
981 12 19 -0.000000 
982 13 19 -0.000000 
983 14 19 -0.000000 
984 15 19 -0.000000 
985 16 19 -0.000000 
986 17 19 -0.000000 
987 18 19 -0.000000 
988 19 19 -0.000000 
989 20 19 -0.000000 
990 21 19 -0.000000 
991 22 19 -0.000000 
992 23 19 -0.000000 
993 24 19 -0.000000 
994 25 19 -0.000000 
995 26 19 -0.000000 
996 27 19 -0.000000 
997 28 19 -0.000000 
998 29 19 -0.000000 
999 30 19 -0.000000 
1000 31 19 -0.000000 
1001 32 19 -0.000000 
1002 33 19 -0.000000 
1003 34 19 -0.000000 
1004 35 19 -0.000000 
1005 36 19 -0.000000 
1006 37 19 -0.000000 
1007 38 19 -0.000000 
1008 39 19 -0.000000 
1009 40 19 -0.000000 
1010 41 19 -0.000000 
1011 42 19 -0.000000 
1012 43 19 -0.000000 
1013 44 19 -0.000000 
1014 45 19 -0.000000 
1015 46 19 -0.000000 
1016 47 19 -0.000000 
1017 48 19 -0.000000 
1018 49 19 -0.000000 
1019 50 19 10.000000 
1020 0 20 10.000000 
1021 1 20 -0.000000 
1022 2 20 -0.000000 
1023 3 20 -0.000000 
1024 4 20 -0.000000 
1025 5 20 -0.000000 
1026 6 20 -0.000000 
1027 7 20 -0.000000 
1028 8 20 -0.000000 
1029 9 20 -0.000000 
1030 10 20 -0.000000 
1031 11 20 -0.000000 
1032 12 20 -0.000000 
1033 13 20 -0.000000 
1034 14 20 -0.000000 
1035 15 20 -0.000000 
1036 16 20 -0.000000 
1037 17 20 -0.000000 
1038 18 20 -0.000000 
1039 19 20 -0.000000 
1040 20 20 -0.000000 
1041 21 20 -0.000000 
1042 22 20 -0.000000 
1043 23 20 -0.000000 
1044 24 20 -0.000000 
1045 25 20 -0.000000 
1046 26 20 -0.000000 
1047 27 20 -0.000000 
1048 28 20 -0.000000 
1049 29 20 -0.000000 
1050 30 20 -0.000000 
1051 31 20 -0.000000 
1052 32 20 -0.000000 
1053 33 20 -0.000000 
1054 34 20 -0.000000 
1055 35 20 -0.000000 
1056 36 20 -0.000000 
1057 37 20 -0.000000 
1058 38 20 -0.000000 
1059 39 20 -0.000000 
1060 40 20 -0.000000 
1061 41 20 -0.000000 
1062 42 20 -0.000000 
1063 43 20 -0.000000 
1064 44 20 -0.000000 
1065 45 20 -0.000000 
1066 46 20 -0.000000 
1067 47 20 -0.000000 
1068 48 20 -0.000000 
1069 49 20 -0.000000 
1070 50 20 10.000000 
1071 0 21 10.000000 
1072 1 21 -0.000000 
1073 2 21 -0.000000 
1074 3 21 -0.000000 
1075 4 21 -0.000000 
1076 5 21 -0.000000 
1077 6 21 -0.000000 
1078 7 21 -0.000000 
1079 8 21 -0.000000 
1080 9 21 -0.000000 
1081 10 21 -0.000000 
1082 11 21 -0.000000 
1083 12 21 -0.000000 
1084 13 21 -0.000000 
1085 14 21 -0.000000 
1086 15 21 -0.000000 
1087 16 21 -0.000000 
1088 17 21 -0.000000 
1089 18 21 -0.000000 
1090 19 21 -0.000000 
1091 20 21 -0.000000 
1092 21 21 -0.000000 
1093 22 21 -0.000000 
1094 23 21 -0.000000 
1095 24 21 -0.000000 
1096 25 21 -0.000000 
1097 26 21 -0.000000 
1098 27 21 -0.000000 
1099 28 21 -0.000000 
1100 29 21 -0.000000 
1101 30 21 -0.000000 
1102 31 21 -0.000000 
1103 32 21 -0.000000 
1104 33 21 -0.000000 
1105 34 21 -0.000000 
1106 35 21 -0.000000 
1107 36 21 -0.000000 
1108 37 21 -0.000000 
1109 38 21 -0.000000 
1110 39 21 -0.000000 
1111 40 21 -0.000000 
1112 41 21 -0.000000 
1113 42 21 -0.000000 
1114 43 21 -0.000000 
1115 44 21 -0.000000 
1116 45 21 -0.000000 
1117 46 21 -0.000000 
1118 47 21 -0.000000 
1119 48 21 -0.000000 
1120 49 21 -0.000000 
1121 50 21 10.000000 
1122 0 22 10.000000 
1123 1 22 -0.000000 
1124 2 22 -0.000000 
1125 3 22 -0.000000 
1126 4 22 -0.000000 
1127 5 22 -0.000000 
1128 6 22 -0.000000 
1129 7 22 -0.000000 
1130 8 22 -0.000000 
1131 9 22 -0.000000 
1132 10 22 -0.000000 
1133 11 22 -0.000000 
1134 12 22 -0.000000 
1135 13 22 -0.000000 
1136 14 22 -0.000000 
1137 15 22 -0.000000 
1138 16 22 -0.000000 
1139 17 22 -0.000000 
1140 18 22 -0.000000 
1141 19 22 -0.000000 
1142 20 22 -0.000000 
1143 21 22 -0.000000 
1144 22 22 -0.000000 
1145 23 22 -0.000000 
1146 24 22 -0.000000 
1147 25 22 -0.000000 
1148 26 22 -0.000000 
1149 27 22 -0.000000 
1150 28 22 -0.000000 
1151 29 22 -0.000000 
1152 30 22 -0.000000 
1153 31 22 -0.000000 
1154 32 22 -0.000000 
1155 33 22 -0.000000 
1156 34 22 -0.000000 
1157 35 22 -0.000000 
1158 36 22 -0.000000 
1159 37 22 -0.000000 
1160 38 22 -0.000000 
1161 39 22 -0.000000 
1162 40 22 -0.000000 
1163 41 22 -0.000000 
1164 42 22 -0.000000 
1165 43 22 -0.000000 
1166 44 22 -0.000000 
1167 45 22 -0.000000 
1168 46 22 -0.000000 
1169 47 22 -0.000000 
1170 48 22 -0.000000 
1171 49 22 -0.000000 
1172 50 22 10.000000 
1173 0 23 10.000000 
1174 1 23 -0.000000 
1175 2 23 -0.000000 
1176 3 23 -0.000000 
1177 4 23 -0.000000 
1178 5 23 -0.000000 
1179 6 23 -0.000000 
1180 7 23 -0.000000 
1181 8 23 -0.000000 
1182 9 23 -0.000000 
1183 10 23 -0.000000 
1184 11 23 -0.000000 
1185 12 23 -0.000000 
1186 13 23 -0.000000 
1187 14 23 -0.000000 
1188 15 23 -0.000000 
1189 16 23 -0.000000 
1190 17 23 -0.000000 
1191 18 23 -0.000000 
1192 19 23 -0.000000 
1193 20 23 -0.000000 
1194 21 23 -0.000000 
1195 22 23 -0.000000 
1196 23 23 -0.000000 
1197 24 23 -0.000000 
1198 25 23 -0.000000 
1199 26 23 -0.000000 
1200 27 23 -0.000000 
1201 28 23 -0.000000 
1202 29 23 -0.000000 
1203 30 23 -0.000000 
1204 31 23 -0.000000 
1205 32 23 -0.000000 
1206 33 23 -0.000000 
1207 34 23 -0.000000 
1208 35 23 -0.000000 
1209 36 23 -0.000000 
1210 37 23 -0.000000 
1211 38 23 -0.000000 
1212 39 23 -0.000000 
1213 40 23 -0.000000 
1214 41 23 -0.000000 
1215 42 23 -0.000000 
1216 43 23 -0.000000 
1217 44 23 -0.000000 
1218 45 23 -0.000000 
1219 46 23 -0.000000 
1220 47 23 -0.000000 
1221 48 23 -0.000000 
1222 49 23 -0.000000 
1223 50 23 10.000000 
1224 0 24 10.000000 
1225 1 24 -0.000000 
1226 2 24 -0.000000 
1227 3 24 -0.000000 
1228 4 24 -0.000000 
1229 5 24 -0.000000 
1230 6 24 -0.000000 
1231 7 24 -0.000000 
1232 8 24 -0.000000 
1233 9 24 -0.000000 
1234 10 24 -0.000000 
1235 11 24 -0.000000 
1236 12 24 -0.000000 
1237 13 24 -0.000000 
1238 14 24 -0.000000 
1239 15 24 -0.000000 
1240 16 24 -0.000000 
1241 17 24 -0.000000 
1242 18 24 -0.000000 
1243 19 24 -0.000000 
1244 20 24 -0.000000 
1245 21 24 -0.000000 
1246 22 24 -0.000000 
1247 23 24 -0.000000 
1248 24 24 -0.000000 
1249 25 24 -0.000000 
1250 26 24 -0.000000 
1251 27 24 -0.000000 
1252 28 24 -0.000000 
1253 29 24 -0.000000 
1254 30 24 -0.000000 
1255 31 24 -0.000000 
1256 32 24 -0.000000 
1257 33 24 -0.000000 
1258 34 24 -0.000000 
1259 35 24 -0.000000 
1260 36 24 -0.000000 
1261 37 24 -0.000000 
1262 38 24 -0.000000 
1263 39 24 -0.000000 
1264 40 24 -0.000000 
1265 41 24 -0.000000 
1266 42 24 -0.000000 
1267 43 24 -0.000000 
1268 44 24 -0.000000 
1269 45 24 -0.000000 
1270 46 24 -0.000000 
1271 47 24 -0.000000 
1272 48 24 -0.000000 
1273 49 24 -0.000000 
1274 50 24 10.000000 
1275 0 25 10.000000 
1276 1 25 -0.000000 
1277 2 25 -0.000000 
1278 3 25 -0.000000 
1279 4 25 -0.000000 
1280 5 25 -0.000000 
1281 6 25 -0.000000 
1282 7 25 -0.000000 
1283 8 25 -0.000000 
1284 9 25 -0.000000 
1285 10 25 -0.000000 
1286 11 25 -0.000000 
1287 12 25 -0.000000 
1288 13 25 -0.000000 
1289 14 25 -0.000000 
1290 15 25 -0.000000 
1291 16 25 -0.000000 
1292 17 25 -0.000000 
1293 18 25 -0.000000 
1294 19 25 -0.000000 
1295 20 25 -0.000000 
1296 21 25 -0.000000 
1297 22 25 -0.000000 
1298 23 25 -0.000000 
1299 24 25 -0.000000 
1300 25 25 -0.000000 
1301 26 25 -0.000000 
1302 27 25 -0.000000 
1303 28 25 -0.000000 
1304 29 25 -0.000000 
1305 30 25 -0.000000 
1306 31 25 -0.000000 
1307 32 25 -0.000000 
1308 33 25 -0.000000 
1309 34 25 -0.000000 
1310 35 25 -0.000000 
1311 36 25 -0.000000 
1312 37 25 -0.000000 
1313 38 25 -0.000000 
1314 39 25 -0.000000 
1315 40 25 -0.000000 
1316 41 25 -0.000000 
1317 42 25 -0.000000 
1318 43 25 -0.000000 
1319 44 25 -0.000000 
1320 45 25 -0.000000 
1321 46 25 -0.000000 
1322 47 25 -0.000000 
1323 48 25 -0.000000 
1324 49 25 -0.000000 
1325 50 25 10.000000 
1326 0 26 10.000000 
1327 1 26 -0.000000 
1328 2 26 -0.000000 
1329 3 26 -0.000000 
1330 4 26 -0.000000 
1331 5 26 -0.000000 
1332 6 26 -0.000000 
1333 7 26 -0.000000 
1334 8 26 -0.000000 
1335 9 26 -0.000000 
1336 10 26 -0.000000 
1337 11 26 -0.000000 
1338 12 26 -0.000000 
1339 13 26 -0.000000 
1340 14 26 -0.000000 
1341 15 26 -0.000000 
1342 16 26 -0.000000 
1343 17 26 -0.000000 
1344 18 26 -0.000000 
1345 19 26 -0.000000 
1346 20 26 -0.000000 
1347 21 26 -0.000000 
1348 22 26 -0.000000 
1349 23 26 -0.000000 
1350 24 26 -0.000000 
1351 25 26 -0.000000 
1352 26 26 -0.000000 
1353 27 26 -0.000000 
1354 28 26 -0.000000 
1355 29 26 -0.000000 
1356 30 26 -0.000000 
1357 31 26 -0.000000 
1358 32 26 -0.000000 
1359 33 26 -0.000000 
1360 34 26 -0.000000 
1361 35 26 -0.000000 
1362 36 26 -0.000000 
1363 37 26 -0.000000 
1364 38 26 -0.000000 
1365 39 26 -0.000000 
1366 40 26 -0.000000 
1367 41 26 -0.000000 
1368 42 26 -0.000000 
1369 43 26 -0.000000 
1370 44 26 -0.000000 
1371 45 26 -0.000000 
1372 46 26 -0.000000 
1373 47 26 -0.000000 
1374 48 26 -0.000000 
1375 49 26 -0.000000 
1376 50 26 10.000000 
1377 0 27 10.000000 
1378 1 27 -0.000000 
1379 2 27 -0.000000 
1380 3 27 -0.000000 
1381 4 27 -0.000000 
1382 5 27 -0.000000 
1383 6 27 -0.000000 
1384 7 27 -0.000000 
1385 8 27 -0.000000 
1386 9 27 -0.000000 
1387 10 27 -0.000000 
1388 11 27 -0.000000 
1389 12 27 -0.000000 
1390 13 27 -0.000000 
1391 14 27 -0.000000 
1392 15 27 -0.000000 
1393 16 27 -0.000000 
1394 17 27 -0.000000 
1395 18 27 -0.000000 
1396 19 27 -0.000000 
1397 20 27 -0.000000 
1398 21 27 -0.000000 
1399 22 27 -0.000000 
1400 23 27 -0.000000 
1401 24 27 -0.000000 
1402 25 27 -0.000000 
1403 26 27 -0.000000 
1404 27 27 -0.000000 
1405 28 27 -0.000000 
1406 29 27 -0.000000 
1407 30 27 -0.000000 
1408 31 27 -0.000000 
1409 32 27 -0.000000 
1410 33 27 -0.000000 
1411 34 27 -0.000000 
1412 35 27 -0.000000 
1413 36 27 -0.000000 
1414 37 27 -0.000000 
1415 38 27 -0.000000 
1416 39 27 -0.000000 
1417 40 27 -0.000000 
1418 41 27 -0.000000 
1419 42 27 -0.000000 
1420 43 27 -0.000000 
1421 44 27 -0.000000 
1422 45 27 -0.000000 
1423 46 27 -0.000000 
1424 47 27 -0.000000 
1425 48 27 -0.000000 
1426 49 27 -0.000000 
1427 50 27 10.000000 
1428 0 28 10.000000 
1429 1 28 -0.000000 
1430 2 28 -0.000000 
1431 3 28 -0.000000 
1432 4 28 -0.000000 
1433 5 28 -0.000000 
1434 6 28 -0.000000 
1435 7 28 -0.000000 
1436 8 28 -0.000000 
1437 9 28 -0.000000 
1438 10 28 -0.000000 
1439 11 28 -0.000000 
1440 12 28 -0.000000 
1441 13 28 -0.000000 
1442 14 28 -0.000000 
1443 15 28 -0.000000 
1444 16 28 -0.000000 
1445 17 28 -0.000000 
1446 18 28 -0.000000 
1447 19 28 -0.000000 
1448 20 28 -0.000000 
1449 21 28 -0.000000 
1450 22 28 -0.000000 
1451 23 28 -0.000000 
1452 24 28 -0.000000 
1453 25 28 -0.000000 
1454 26 28 -0.000000 
1455 27 28 -0.000000 
1456 28 28 -0.000000 
1457 29 28 -0.000000 
1458 30 28 -0.000000 
1459 31 28 -0.000000 
1460 32 28 -0.000000 
1461 33 28 -0.000000 
1462 34 28 -0.000000 
1463 35 28 -0.000000 
1464 36 28 -0.000000 
1465 37 28 -0.000000 
1466 38 28 -0.000000 
1467 39 28 -0.000000 
1468 40 28 -0.000000 
1469 41 28 -0.000000 
1470 42 28 -0.000000 
1471 43 28 -0.000000 
1472 44 28 -0.000000 
1473 45 28 -0.000000 
1474 46 28 -0.000000 
1475 47 28 -0.000000 
1476 48 28 -0.000000 
1477 49 28 -0.000000 
1478 50 28 10.000000 
1479 0 29 10.000000 
1480 1 29 -0.000000 
1481 2 29 -0.000000 
1482 3 29 -0.000000 
1483 4 29 -0.000000 
1484 5 29 -0.000000 
1485 6 29 -0.000000 
1486 7 29 -0.000000 
1487 8 29 -0.000000 
1488 9 29 -0.000000 
1489 10 29 -0.000000 
1490 11 29 -0.000000 
1491 12 29 -0.000000 
1492 13 29 -0.000000 
1493 14 29 -0.000000 
1494 15 29 -0.000000 
1495 16 29 -0.000000 
1496 17 29 -0.000000 
1497 18 29 -0.000000 
1498 19 29 -0.000000 
1499 20 29 -0.000000 
1500 21 29 -0.000000 
1501 22 29 -0.000000 
1502 23 29 -0.000000 
1503 24 29 -0.000000 
1504 25 29 -0.000000 
1505 26 29 -0.000000 
1506 27 29 -0.000000 
1507 28 29 -0.000000 
1508 29 29 -0.000000 
1509 30 29 -0.000000 
1510 31 29 -0.000000 
1511 32 29 -0.000000 
1512 33 29 -0.000000 
1513 34 29 -0.000000 
1514 35 29 -0.000000 
1515 36 29 -0.000000 
1516 37 29 -0.000000 
1517 38 29 -0.000000 
1518 39 29 -0.000000 
1519 40 29 -0.000000 
1520 41 29 -0.000000 
1521 42 29 -0.000000 
1522 43 29 -0.000000 
1523 44 29 -0.000000 
1524 45 29 -0.000000 
1525 46 29 -0.000000 
1526 47 29 -0.000000 
1527 48 29 -0.000000 
1528 49 29 -0.000000 
1529 50 29 10.000000 
1530 0 30 10.000000 
1531 1 30 -0.000000 
1532 2 30 -0.000000 
1533 3 30 -0.000000 
1534 4 30 -0.000000 
1535 5 30 -0.000000 
1536 6 30 -0.000000 
1537 7 30 -0.000000 
1538 8 30 -0.000000 
1539 9 30 -0.000000 
1540 10 30 -0.000000 
1541 11 30 -0.000000 
1542 12 30 -0.000000 
1543 13 30 -0.000000 
1544 14 30 -0.000000 
1545 15 30 -0.000000 
1546 16 30 -0.000000 
1547 17 30 -0.000000 
1548 18 30 -0.000000 
1549 19 30 -0.000000 
1550 20 30 -0.000000 
1551 21 30 -0.000000 
1552 22 30 -0.000000 
1553 23 30 -0.000000 
1554 24 30 -0.000000 
1555 25 30 -0.000000 
1556 26 30 -0.000000 
1557 27 30 -0.000000 
1558 28 30 -0.000000 
1559 29 30 -0.000000 
1560 30 30 -0.000000 
1561 31 30 -0.000000 
1562 32 30 -0.000000 
1563 33 30 -0.000000 
1564 34 30 -0.000000 
1565 35 30 -0.000000 
1566 36 30 -0.000000 
1567 37 30 -0.000000 
1568 38 30 -0.000000 
1569 39 30 -0.000000 
1570 40 30 -0.000000 
1571 41 30 -0.000000 
1572 42 30 -0.000000 
1573 43 30 -0.000000 
1574 44 30 -0.000000 
1575 45 30 -0.000000 
1576 46 30 -0.000000 
1577 47 30 -0.000000 
1578 48 30 -0.000000 
1579 49 30 -0.000000 
1580 50 30 10.000000 
1581 0 31 10.000000 
1582 1 31 -0.000000 
1583 2 31 -0.000000 
1584 3 31 -0.000000 
1585 4 31 -0.000000 
1586 5 31 -0.000000 
1587 6 31 -0.000000 
1588 7 31 -0.000000 
1589 8 31 -0.000000 
1590 9 31 -0.000000 
1591 10 31 -0.000000 
1592 11 31 -0.000000 
1593 12 31 -0.000000 
1594 13 31 -0.000000 
1595 14 31 -0.000000 
1596 15 31 -0.000000 
1597 16 31 -0.000000 
1598 17 31 -0.000000 
1599 18 31 -0.000000 
1600 19 31 -0.000000 
1601 20 31 -0.000000 
1602 21 31 -0.000000 
1603 22 31 -0.000000 
1604 23 31 -0.000000 
1605 24 31 -0.000000 
1606 25 31 -0.000000 
1607 26 31 -0.000000 
1608 27 31 -0.000000 
1609 28 31 -0.000000 
1610 29 31 -0.000000 
1611 30 31 -0.000000 
1612 31 31 -0.000000 
1613 32 31 -0.000000 
1614 33 31 -0.000000 
1615 34 31 -0.000000 
1616 35 31 -0.000000 
1617 36 31 -0.000000 
1618 37 31 -0.000000 
1619 38 31 -0.000000 
1620 39 31 -0.000000 
1621 40 31 -0.000000 
1622 41 31 -0.000000 
1623 42 31 -0.000000 
1624 43 31 -0.000000 
1625 44 31 -0.000000 
1626 45 31 -0.000000 
1627 46 31 -0.000000 
1628 47 31 -0.000000 
1629 48 31 -0.000000 
1630 49 31 -0.000000 
1631 50 31 10.000000 
1632 0 32 10.000000 
1633 1 32 -0.000000 
1634 2 32 -0.000000 
1635 3 32 -0.000000 
1636 4 32 -0.000000 
1637 5 32 -0.000000 
1638 6 32 -0.000000 
1639 7 32 -0.000000 
1640 8 32 -0.000000 
1641 9 32 -0.000000 
1642 10 32 -0.000000 
1643 11 32 -0.000000 
1644 12 32 -0.000000 
1645 13 32 -0.000000 
1646 14 32 -0.000000 
1647 15 32 -0.000000 
1648 16 32 -0.000000 
1649 17 32 -0.000000 
1650 18 32 -0.000000 
1651 19 32 -0.000000 
1652 20 32 -0.000000 
1653 21 32 -0.000000 
1654 22 32 -0.000000 
1655 23 32 -0.000000 
1656 24 32 -0.000000 
1657 25 32 -0.000000 
1658 26 32 -0.000000 
1659 27 32 -0.000000 
1660 28 32 -0.000000 
1661 29 32 -0.000000 
1662 30 32 -0.000000 
1663 31 32 -0.000000 
1664 32 32 -0.000000 
1665 33 32 -0.000000 
1666 34 32 -0.000000 
1667 35 32 -0.000000 
1668 36 32 -0.000000 
1669 37 32 -0.000000 
1670 38 32 -0.000000 
1671 39 32 -0.000000 
1672 40 32 -0.000000 
1673 41 32 -0.000000 
1674 42 32 -0.000000 
1675 43 32 -0.000000 
1676 44 32 -0.000000 
1677 45 32 -0.000000 
1678 46 32 -0.000000 
1679 47 32 -0.000000 
1680 48 32 -0.000000 
1681 49 32 -0.000000 
1682 50 32 10.000000 
1683 0 33 10.000000 
1684 1 33 -0.000000 
1685 2 33 -0.000000 
1686 3 33 -0.000000 
1687 4 33 -0.000000 
1688 5 33 -0.000000 
1689 6 33 -0.000000 
1690 7 33 -0.000000 
1691 8 33 -0.000000 
1692 9 33 -0.000000 
1693 10 33 -0.000000 
1694 11 33 -0.000000 
1695 12 33 -0.000000 
1696 13 33 -0.000000 
1697 14 33 -0.000000 
1698 15 33 -0.000000 
1699 16 33 -0.000000 
1700 17 33 -0.000000 
1701 18 33 -0.000000 
1702 19 33 -0.000000 
1703 20 33 -0.000000 
1704 21 33 -0.000000 
1705 22 33 -0.000000 
1706 23 33 -0.000000 
1707 24 33 -0.000000 
1708 25 33 -0.000000 
1709 26 33 -0.000000 
1710 27 33 -0.000000 
1711 28 33 -0.000000 
1712 29 33 -0.000000 
1713 30 33 -0.000000 
1714 31 33 -0.000000 
1715 32 33 -0.000000 
1716 33 33 -0.000000 
1717 34 33 -0.000000 
1718 35 33 -0.000000 
1719 36 33 -0.000000 
1720 37 33 -0.000000 
1721 38 33 -0.000000 
1722 39 33 -0.000000 
1723 40 33 -0.000000 
1724 41 33 -0.000000 
1725 42 33 -0.000000 
1726 43 33 -0.000000 
1727 44 33 -0.000000 
1728 45 33 -0.000000 
1729 46 33 -0.000000 
1730 47 33 -0.000000 
1731 48 33 -0.000000 
1732 49 33 -0.000000 
1733 50 33 10.000000 
1734 0 34 10.000000 
1735 1 34 -0.000000 
1736 2 34 -0.000000 
1737 3 34 -0.000000 
1738 4 34 -0.000000 
1739 5 34 -0.000000 
1740 6 34 -0.000000 
1741 7 34 -0.000000 
1742 8 34 -0.000000 
1743 9 34 -0.000000 
1744 10 34 -0.000000 
1745 11 34 -0.000000 
1746 12 34 -0.000000 
1747 13 34 -0.000000 
1748 14 34 -0.000000 
1749 15 34 -0.000000 
1750 16 34 -0.000000 
1751 17 34 -0.000000 
1752 18 34 -0.000000 
1753 19 34 -0.000000 
1754 20 34 -0.000000 
1755 21 34 -0.000000 
1756 22 34 -0.000000 
1757 23 34 -0.000000 
1758 24 34 -0.000000 
1759 25 34 -0.000000 
1760 26 34 -0.000000 
1761 27 34 -0.000000 
1762 28 34 -0.000000 
1763 29 34 -0.000000 
1764 30 34 -0.000000 
1765 31 34 -0.000000 
1766 32 34 -0.000000 
1767 33 34 -0.000000 
1768 34 34 -0.000000 
1769 35 34 -0.000000 
1770 36 34 -0.000000 
1771 37 34 -0.000000 
1772 38 34 -0.000000 
1773 39 34 -0.000000 
1774 40 34 -0.000000 
1775 41 34 -0.000000 
1776 42 34 -0.000000 
1777 43 34 -0.000000 
1778 44 34 -0.000000 
1779 45 34 -0.000000 
1780 46 34 -0.000000 
1781 47 34 -0.000000 
1782 48 34 -0.000000 
1783 49 34 -0.000000 
1784 50 34 10.000000 
1785 0 35 10.000000 
1786 1 35 -0.000000 
1787 2 35 -0.000000 
1788 3 35 -0.000000 
1789 4 35 -0.000000 
1790 5 35 -0.000000 
1791 6 35 -0.000000 
1792 7 35 -0.000000 
1793 8 35 -0.000000 
1794 9 35 -0.000000 
1795 10 35 -0.000000 
1796 11 35 -0.000000 
1797 12 35 -0.000000 
1798 13 35 -0.000000 
1799 14 35 -0.000000 
1800 15 35 -0.000000 
1801 16 35 -0.000000 
1802 17 35 -0.000000 
1803 18 35 -0.000000 
1804 19 35 -0.000000 
1805 20 35 -0.000000 
1806 21 35 -0.000000 
1807 22 35 -0.000000 
1808 23 35 -0.000000 
1809 24 35 -0.000000 
1810 25 35 -0.000000 
1811 26 35 -0.000000 
1812 27 35 -0.000000 
1813 28 35 -0.000000 
1814 29 35 -0.000000 
1815 30 35 -0.000000 
1816 31 35 -0.000000 
1817 32 35 -0.000000 
1818 33 35 -0.000000 
1819 34 35 -0.000000 
1820 35 35 -0.000000 
1821 36 35 -0.000000 
1822 37 35 -0.000000 
1823 38 35 -0.000000 
1824 39 35 -0.000000 
1825 40 35 -0.000000 
1826 41 35 -0.000000 
1827 42 35 -0.000000 
1828 43 35 -0.000000 
1829 44 35 -0.000000 
1830 45 35 -0.000000 
1831 46 35 -0.000000 
1832 47 35 -0.000000 
1833 48 35 -0.000000 
1834 49 35 -0.000000 
1835 50 35 10.000000 
1836 0 36 10.000000 
1837 1 36 -0.000000 
1838 2 36 -0.000000 
1839 3 36 -0.000000 
1840 4 36 -0.000000 
1841 5 36 -0.000000 
1842 6 36 -0.000000 
1843 7 36 -0.000000 
1844 8 36 -0.000000 
1845 9 36 -0.000000 
1846 10 36 -0.000000 
1847 11 36 -0.000000 
1848 12 36 -0.000000 
1849 13 36 -0.000000 
1850 14 36 -0.000000 
1851 15 36 -0.000000 
1852 16 36 -0.000000 
1853 17 36 -0.000000 
1854 18 36 -0.000000 
1855 19 36 -0.000000 
1856 20 36 -0.000000 
1857 21 36 -0.000000 
1858 22 36 -0.000000 
1859 23 36 -0.000000 
1860 24 36 -0.000000 
1861 25 36 -0.000000 
1862 26 36 -0.000000 
1863 27 36 -0.000000 
1864 28 36 -0.000000 
1865 29 36 -0.000000 
1866 30 36 -0.000000 
1867 31 36 -0.000000 
1868 32 36 -0.000000 
1869 33 36 -0.000000 
1870 34 36 -0.000000 
1871 35 36 -0.000000 
1872 36 36 -0.000000 
1873 37 36 -0.000000 
1874 38 36 -0.000000 
1875 39 36 -0.000000 
1876 40 36 -0.000000 
1877 41 36 -0.000000 
1878 42 36 -0.000000 
1879 43 36 -0.000000 
1880 44 36 -0.000000 
1881 45 36 -0.000000 
1882 46 36 -0.000000 
1883 47 36 -0.000000 
1884 48 36 -0.000000 
1885 49 36 -0.000000 
1886 50 36 10.000000 
1887 0 37 10.000000 
1888 1 37 -0.000000 
1889 2 37 -0.000000 
1890 3 37 -0.000000 
1891 4 37 -0.000000 
1892 5 37 -0.000000 
1893 6 37 -0.000000 
1894 7 37 -0.000000 
1895 8 37 -0.000000 
1896 9 37 -0.000000 
1897 10 37 -0.000000 
1898 11 37 -0.000000 
1899 12 37 -0.000000 
1900 13 37 -0.000000 
1901 14 37 -0.000000 
1902 15 37 -0.000000 
1903 16 37 -0.000000 
1904 17 37 -0.000000 
1905 18 37 -0.000000 
1906 19 37 -0.000000 
1907 20 37 -0.000000 
1908 21 37 -0.000000 
1909 22 37 -0.000000 
1910 23 37 -0.000000 
1911 24 37 -0.000000 
1912 25 37 -0.000000 
1913 26 37 -0.000000 
1914 27 37 -0.000000 
1915 28 37 -0.000000 
1916 29 37 -0.000000 
1917 30 37 -0.000000 
1918 31 37 -0.000000 
1919 32 37 -0.000000 
1920 33 37 -0.000000 
1921 34 37 -0.000000 
1922 35 37 -0.000000 
1923 36 37 -0.000000 
1924 37 37 -0.000000 
1925 38 37 -0.000000 
1926 39 37 -0.000000 
1927 40 37 -0.000000 
1928 41 37 -0.000000 
1929 42 37 -0.000000 
1930 43 37 -0.000000 
1931 44 37 -0.000000 
1932 45 37 -0.000000 
1933 46 37 -0.000000 
1934 47 37 -0.000000 
1935 48 37 -0.000000 
1936 49 37 -0.000000 
1937 50 37 10.000000 
1938 0 38 10.000000 
1939 1 38 -0.000000 
1940 2 38 -0.000000 
1941 3 38 -0.000000 
1942 4 38 -0.000000 
1943 5 38 -0.000000 
1944 6 38 -0.000000 
1945 7 38 -0.000000 
1946 8 38 -0.000000 
1947 9 38 -0.000000 
1948 10 38 -0.000000 
1949 11 38 -0.000000 
1950 12 38 -0.000000 
1951 13 38 -0.000000 
1952 14 38 -0.000000 
1953 15 38 -0.000000 
1954 16 38 -0.000000 
1955 17 38 -0.000000 
1956 18 38 -0.000000 
1957 19 38 -0.000000 
1958 20 38 -0.000000 
1959 21 38 -0.000000 
1960 22 38 -0.000000 
1961 23 38 -0.000000 
1962 24 38 -0.000000 
1963 25 38 -0.000000 
1964 26 38 -0.000000 
1965 27 38 -0.000000 
1966 28 38 -0.000000 
1967 29 38 -0.000000 
1968 30 38 -0.000000 
1969 31 38 -0.000000 
1970 32 38 -0.000000 
1971 33 38 -0.000000 
1972 34 38 -0.000000 
1973 35 38 -0.000000 
1974 36 38 -0.000000 
1975 37 38 -0.000000 
1976 38 38 -0.000000 
1977 39 38 -0.000000 
1978 40 38 -0.000000 
1979 41 38 -0.000000 
1980 42 38 -0.000000 
1981 43 38 -0.000000 
1982 44 38 -0.000000 
1983 45 38 -0.000000 
1984 46 38 -0.000000 
1985 47 38 -0.000000 
1986 48 38 -0.000000 
1987 49 38 -0.000000 
1988 50 38 10.000000 
1989 0 39 10.000000 
1990 1 39 -0.000000 
1991 2 39 -0.000000 
1992 3 39 -0.000000 
1993 4 39 -0.000000 
1994 5 39 -0.000000 
1995 6 39 -0.000000 
1996 7 39 -0.000000 
1997 8 39 -0.000000 
1998 9 39 -0.000000 
1999 10 39 -0.000000 
2000 11 39 -0.000000 
2001 12 39 -0.000000 
2002 13 39 -0.000000 
2003 14 39 -0.000000 
2004 15 39 -0.000000 
2005 16 39 -0.000000 
2006 17 39 -0.000000 
2007 18 39 -0.000000 
2008 19 39 -0.000000 
2009 20 39 -0.000000 
2010 21 39 -0.000000 
2011 22 39 -0.000000 
2012 23 39 -0.000000 
2013 24 39 -0.000000 
2014 25 39 -0.000000 
2015 26 39 -0.000000 
2016 27 39 -0.000000 
2017 28 39 -0.000000 
2018 29 39 -0.000000 
2019 30 39 -0.000000 
2020 31 39 -0.000000 
2021 32 39 -0.000000 
2022 33 39 -0.000000 
2023 34 39 -0.000000 
2024 35 39 -0.000000 
2025 36 39 -0.000000 
2026 37 39 -0.000000 
2027 38 39 -0.000000 
2028 39 39 -0.000000 
2029 40 39 -0.000000 
2030 41 39 -0.000000 
2031 42 39 -0.000000 
2032 43 39 -0.000000 
2033 44 39 -0.000000 
2034 45 39 -0.000000 
2035 46 39 -0.000000 
2036 47 39 -0.000000 
2037 48 39 -0.000000 
2038 49 39 -0.000000 
2039 50 39 10.000000 
2040 0 40 10.000000 
2041 1 40 -0.000000 
2042 2 40 -0.000000 
2043 3 40 -0.000000 
2044 4 40 -0.000000 
2045 5 40 -0.000000 
2046 6 40 -0.000000 
2047 7 40 -0.000000 
2048 8 40 -0.000000 
2049 9 40 -0.000000 
2050 10 40 -0.000000 
2051 11 40 -0.000000 
2052 12 40 -0.000000 
2053 13 40 -0.000000 
2054 14 40 -0.000000 
2055 15 40 -0.000000 
2056 16 40 -0.000000 
2057 17 40 -0.000000 
2058 18 40 -0.000000 
2059 19 40 -0.000000 
2060 20 40 -0.000000 
2061 21 40 -0.000000 
2062 22 40 -0.000000 
2063 23 40 -0.000000 
2064 24 40 -0.000000 
2065 25 40 -0.000000 
2066 26 40 -0.000000 
2067 27 40 -0.000000 
2068 28 40 -0.000000 
2069 29 40 -0.000000 
2070 30 40 -0.000000 
2071 31 40 -0.000000 
2072 32 40 -0.000000 
2073 33 40 -0.000000 
2074 34 40 -0.000000 
2075 35 40 -0.000000 
2076 36 40 -0.000000 
2077 37 40 -0.000000 
2078 38 40 -0.000000 
2079 39 40 -0.000000 
2080 40 40 -0.000000 
2081 41 40 -0.000000 
2082 42 40 -0.000000 
2083 43 40 -0.000000 
2084 44 40 -0.000000 
2085 45 40 -0.000000 
2086 46 40 -0.000000 
2087 47 40 -0.000000 
2088 48 40 -0.000000 
2089 49 40 -0.000000 
2090 50 40 10.000000 
2091 0 41 10.000000 
2092 1 41 -0.000000 
2093 2 41 -0.000000 
2094 3 41 -0.000000 
2095 4 41 -0.000000 
2096 5 41 -0.000000 
2097 6 41 -0.000000 
2098 7 41 -0.000000 
2099 8 41 -0.000000 
2100 9 41 -0.000000 
2101 10 41 -0.000000 
2102 11 41 -0.000000 
2103 12 41 -0.000000 
2104 13 41 -0.000000 
2105 14 41 -0.000000 
2106 15 41 -0.000000 
2107 16 41 -0.000000 
2108 17 41 -0.000000 
2109 18 41 -0.000000 
2110 19 41 -0.000000 
2111 20 41 -0.000000 
2112 21 41 -0.000000 
2113 22 41 -0.000000 
2114 23 41 -0.000000 
2115 24 41 -0.000000 
2116 25 41 -0.000000 
2117 26 41 -0.000000 
2118 27 41 -0.000000 
2119 28 41 -0.000000 
2120 29 41 -0.000000 
2121 30 41 -0.000000 
2122 31 41 -0.000000 
2123 32 41 -0.000000 
2124 33 41 -0.000000 
2125 34 41 -0.000000 
2126 35 41 -0.000000 
2127 36 41 -0.000000 
2128 37 41 -0.000000 
2129 38 41 -0.000000 
2130 39 41 -0.000000 
2131 40 41 -0.000000 
2132 41 41 -0.000000 
2133 42 41 -0.000000 
2134 43 41 -0.000000 
2135 44 41 -0.000000 
2136 45 41 -0.000000 
2137 46 41 -0.000000 
2138 47 41 -0.000000 
2139 48 41 -0.000000 
2140 49 41 -0.000000 
2141 50 41 10.000000 
2142 0 42 10.000000 
2143 1 42 -0.000000 
2144 2 42 -0.000000 
2145 3 42 -0.000000 
2146 4 42 -0.000000 
2147 5 42 -0.000000 
2148 6 42 -0.000000 
2149 7 42 -0.000000 
2150 8 42 -0.000000 
2151 9 42 -0.000000 
2152 10 42 -0.000000 
2153 11 42 -0.000000 
2154 12 42 -0.000000 
2155 13 42 -0.000000 
2156 14 42 -0.000000 
2157 15 42 -0.000000 
2158 16 42 -0.000000 
2159 17 42 -0.000000 
2160 18 42 -0.000000 
2161 19 42 -0.000000 
2162 20 42 -0.000000 
2163 21 42 -0.000000 
2164 22 42 -0.000000 
2165 23 42 -0.000000 
2166 24 42 -0.000000 
2167 25 42 -0.000000 
2168 26 42 -0.000000 
2169 27 42 -0.000000 
2170 28 42 -0.000000 
2171 29 42 -0.000000 
2172 30 42 -0.000000 
2173 31 42 -0.000000 
2174 32 42 -0.000000 
2175 33 42 -0.000000 
2176 34 42 -0.000000 
2177 35 42 -0.000000 
2178 36 42 -0.000000 
2179 37 42 -0.000000 
2180 38 42 -0.000000 
2181 39 42 -0.000000 
2182 40 42 -0.000000 
2183 41 42 -0.000000 
2184 42 42 -0.000000 
2185 43 42 -0.000000 
2186 44 42 -0.000000 
2187 45 42 -0.000000 
2188 46 42 -0.000000 
2189 47 42 -0.000000 
2190 48 42 -0.000000 
2191 49 42 -0.000000 
2192 50 42 10.000000 
2193 0 43 10.000000 
2194 1 43 -0.000000 
2195 2 43 -0.000000 
2196 3 43 -0.000000 
2197 4 43 -0.000000 
2198 5 43 -0.000000 
2199 6 43 -0.000000 
2200 7 43 -0.000000 
2201 8 43 -0.000000 
2202 9 43 -0.000000 
2203 10 43 -0.000000 
2204 11 43 -0.000000 
2205 12 43 -0.000000 
2206 13 43 -0.000000 
2207 14 43 -0.000000 
2208 15 43 -0.000000 
2209 16 43 -0.000000 
2210 17 43 -0.000000 
2211 18 43 -0.000000 
2212 19 43 -0.000000 
2213 20 43 -0.000000 
2214 21 43 -0.000000 
2215 22 43 -0.000000 
2216 23 43 -0.000000 
2217 24 43 -0.000000 
2218 25 43 -0.000000 
2219 26 43 -0.000000 
2220 27 43 -0.000000 
2221 28 43 -0.000000 
2222 29 43 -0.000000 
2223 30 43 -0.000000 
2224 31 43 -0.000000 
2225 32 43 -0.000000 
2226 33 43 -0.000000 
2227 34 43 -0.000000 
2228 35 43 -0.000000 
2229 36 43 -0.000000 
2230 37 43 -0.000000 
2231 38 43 -0.000000 
2232 39 43 -0.000000 
2233 40 43 -0.000000 
2234 41 43 -0.000000 
2235 42 43 -0.000000 
2236 43 43 -0.000000 
2237 44 43 -0.000000 
2238 45 43 -0.000000 
2239 46 43 -0.000000 
2240 47 43 -0.000000 
2241 48 43 -0.000000 
2242 49 43 -0.000000 
2243 50 43 10.000000 
2244 0 44 10.000000 
2245 1 44 -0.000000 
2246 2 44 -0.000000 
2247 3 44 -0.000000 
2248 4 44 -0.000000 
2249 5 44 -0.000000 
2250 6 44 -0.000000 
2251 7 44 -0.000000 
2252 8 44 -0.000000 
2253 9 44 -0.000000 
2254 10 44 -0.000000 
2255 11 44 -0.000000 
2256 12 44 -0.000000 
2257 13 44 -0.000000 
2258 14 44 -0.000000 
2259 15 44 -0.000000 
2260 16 44 -0.000000 
2261 17 44 -0.000000 
2262 18 44 -0.000000 
2263 19 44 -0.000000 
2264 20 44 -0.000000 
2265 21 44 -0.000000 
2266 22 44 -0.000000 
2267 23 44 -0.000000 
2268 24 44 -0.000000 
2269 25 44 -0.000000 
2270 26 44 -0.000000 
2271 27 44 -0.000000 
2272 28 44 -0.000000 
2273 29 44 -0.000000 
2274 30 44 -0.000000 
2275 31 44 -0.000000 
2276 32 44 -0.000000 
2277 33 44 -0.000000 
2278 34 44 -0.000000 
2279 35 44 -0.000000 
2280 36 44 -0.000000 
2281 37 44 -0.000000 
2282 38 44 -0.000000 
2283 39 44 -0.000000 
2284 40 44 -0.000000 
2285 41 44 -0.000000 
2286 42 44 -0.000000 
2287 43 44 -0.000000 
2288 44 44 -0.000000 
2289 45 44 -0.000000 
2290 46 44 -0.000000 
2291 47 44 -0.000000 
2292 48 44 -0.000000 
2293 49 44 -0.000000 
2294 50 44 10.000000 
2295 0 45 10.000000 
2296 1 45 -0.000000 
2297 2 45 -0.000000 
2298 3 45 -0.000000 
2299 4 45 -0.000000 
2300 5 45 -0.000000 
2301 6 45 -0.000000 
2302 7 45 -0.000000 
2303 8 45 -0.000000 
2304 9 45 -0.000000 
2305 10 45 -0.000000 
2306 11 45 -0.000000 
2307 12 45 -0.000000 
2308 13 45 -0.000000 
2309 14 45 -0.000000 
2310 15 45 -0.000000 
2311 16 45 -0.000000 
2312 17 45 -0.000000 
2313 18 45 -0.000000 
2314 19 45 -0.000000 
2315 20 45 -0.000000 
2316 21 45 -0.000000 
2317 22 45 -0.000000 
2318 23 45 -0.000000 
2319 24 45 -0.000000 
2320 25 45 -0.000000 
2321 26 45 -0.000000 
2322 27 45 -0.000000 
2323 28 45 -0.000000 
2324 29 45 -0.000000 
2325 30 45 -0.000000 
2326 31 45 -0.000000 
2327 32 45 -0.000000 
2328 33 45 -0.000000 
2329 34 45 -0.000000 
2330 35 45 -0.000000 
2331 36 45 -0.000000 
2332 37 45 -0.000000 
2333 38 45 -0.000000 
2334 39 45 -0.000000 
2335 40 45 -0.000000 
2336 41 45 -0.000000 
2337 42 45 -0.000000 
2338 43 45 -0.000000 
2339 44 45 -0.000000 
2340 45 45 -0.000000 
2341 46 45 -0.000000 
2342 47 45 -0.000000 
2343 48 45 -0.000000 
2344 49 45 -0.000000 
2345 50 45 10.000000 
2346 0 46 10.000000 
2347 1 46 -0.000000 
2348 2 46 -0.000000 
2349 3 46 -0.000000 
2350 4 46 -0.000000 
2351 5 46 -0.000000 
2352 6 46 -0.000000 
2353 7 46 -0.000000 
2354 8 46 -0.000000 
2355 9 46 -0.000000 
2356 10 46 -0.000000 
2357 11 46 -0.000000 
2358 12 46 -0.000000 
2359 13 46 -0.000000 
2360 14 46 -0.000000 
2361 15 46 -0.000000 
2362 16 46 -0.000000 
2363 17 46 -0.000000 
2364 18 46 -0.000000 
2365 19 46 -0.000000 
2366 20 46 -0.000000 
2367 21 46 -0.000000 
2368 22 46 -0.000000 
2369 23 46 -0.000000 
2370 24 46 -0.000000 
2371 25 46 -0.000000 
2372 26 46 -0.000000 
2373 27 46 -0.000000 
2374 28 46 -0.000000 
2375 29 46 -0.000000 
2376 30 46 -0.000000 
2377 31 46 -0.000000 
2378 32 46 -0.000000 
2379 33 46 -0.000000 
2380 34 46 -0.000000 
2381 35 46 -0.000000 
2382 36 46 -0.000000 
2383 37 46 -0.000000 
2384 38 46 -0.000000 
2385 39 46 -0.000000 
2386 40 46 -0.000000 
2387 41 46 -0.000000 
2388 42 46 -0.000000 
2389 43 46 -0.000000 
2390 44 46 -0.000000 
2391 45 46 -0.000000 
2392 46 46 -0.000000 
2393 47 46 -0.000000 
2394 48 46 -0.000000 
2395 49 46 -0.000000 
2396 50 46 10.000000 
2397 0 47 10.000000 
2398 1 47 -0.000000 
2399 2 47 -0.000000 
2400 3 47 -0.000000 
2401 4 47 -0.000000 
2402 5 47 -0.000000 
2403 6 47 -0.000000 
2404 7 47 -0.000000 
2405 8 47 -0.000000 
2406 9 47 -0.000000 
2407 10 47 -0.000000 
2408 11 47 -0.000000 
2409 12 47 -0.000000 
2410 13 47 -0.000000 
2411 14 47 -0.000000 
2412 15 47 -0.000000 
2413 16 47 -0.000000 
2414 17 47 -0.000000 
2415 18 47 -0.000000 
2416 19 47 -0.000000 
2417 20 47 -0.000000 
2418 21 47 -0.000000 
2419 22 47 -0.000000 
2420 23 47 -0.000000 
2421 24 47 -0.000000 
2422 25 47 -0.000000 
2423 26 47 -0.000000 
2424 27 47 -0.000000 
2425 28 47 -0.000000 
2426 29 47 -0.000000 
2427 30 47 -0.000000 
2428 31 47 -0.000000 
2429 32 47 -0.000000 
2430 33 47 -0.000000 
2431 34 47 -0.000000 
2432 35 47 -0.000000 
2433 36 47 -0.000000 
2434 37 47 -0.000000 
2435 38 47 -0.000000 
2436 39 47 -0.000000 
2437 40 47 -0.000000 
2438 41 47 -0.000000 
2439 42 47 -0.000000 
2440 43 47 -0.000000 
2441 44 47 -0.000000 
2442 45 47 -0.000000 
2443 46 47 -0.000000 
2444 47 47 -0.000000 
2445 48 47 -0.000000 
2446 49 47 -0.000000 
2447 50 47 10.000000 
2448 0 48 10.000000 
2449 1 48 -0.000000 
2450 2 48 -0.000000 
2451 3 48 -0.000000 
2452 4 48 -0.000000 
2453 5 48 -0.000000 
2454 6 48 -0.000000 
2455 7 48 -0.000000 
2456 8 48 -0.000000 
2457 9 48 -0.000000 
2458 10 48 -0.000000 
2459 11 48 -0.000000 
2460 12 48 -0.000000 
2461 13 48 -0.000000 
2462 14 48 -0.000000 
2463 15 48 -0.000000 
2464 16 48 -0.000000 
2465 17 48 -0.000000 
2466 18 48 -0.000000 
2467 19 48 -0.000000 
2468 20 48 -0.000000 
2469 21 48 -0.000000 
2470 22 48 -0.000000 
2471 23 48 -0.000000 
2472 24 48 -0.000000 
2473 25 48 -0.000000 
2474 26 48 -0.000000 
2475 27 48 -0.000000 
2476 28 48 -0.000000 
2477 29 48 -0.000000 
2478 30 48 -0.000000 
2479 31 48 -0.000000 
2480 32 48 -0.000000 
2481 33 48 -0.000000 
2482 34 48 -0.000000 
2483 35 48 -0.000000 
2484 36 48 -0.000000 
2485 37 48 -0.000000 
2486 38 48 -0.000000 
2487 39 48 -0.000000 
2488 40 48 -0.000000 
2489 41 48 -0.000000 
2490 42 48 -0.000000 
2491 43 48 -0.000000 
2492 44 48 -0.000000 
2493 45 48 -0.000000 
2494 46 48 -0.000000 
2495 47 48 -0.000000 
2496 48 48 -0.000000 
2497 49 48 -0.000000 
2498 50 48 10.000000 
2499 0 49 10.000000 
2500 1 49 -0.000000 
2501 2 49 -0.000000 
2502 3 49 -0.000000 
2503 4 49 -0.000000 
2504 5 49 -0.000000 
2505 6 49 -0.000000 
2506 7 49 -0.000000 
2507 8 49 -0.000000 
2508 9 49 -0.000000 
2509 10 49 -0.000000 
2510 11 49 -0.000000 
2511 12 49 -0.000000 
2512 13 49 -0.000000 
2513 14 49 -0.000000 
2514 15 49 -0.000000 
2515 16 49 -0.000000 
2516 17 49 -0.000000 
2517 18 49 -0.000000 
2518 19 49 -0.000000 
2519 20 49 -0.000000 
2520 21 49 -0.000000 
2521 22 49 -0.000000 
2522 23 49 -0.000000 
2523 24 49 -0.000000 
2524 25 49 -0.000000 
2525 26 49 -0.000000 
2526 27 49 -0.000000 
2527 28 49 -0.000000 
2528 29 49 -0.000000 
2529 30 49 -0.000000 
2530 31 49 -0.000000 
2531 32 49 -0.000000 
2532 33 49 -0.000000 
2533 34 49 -0.000000 
2534 35 49 -0.000000 
2535 36 49 -0.000000 
2536 37 49 -0.000000 
2537 38 49 -0.000000 
2538 39 49 -0.000000 
2539 40 49 -0.000000 
2540 41 49 -0.000000 
2541 42 49 -0.000000 
2542 43 49 -0.000000 
2543 44 49 -0.000000 
2544 45 49 -0.000000 
2545 46 49 -0.000000 
2546 47 49 -0.000000 
2547 48 49 -0.000000 
2548 49 49 -0.000000 
2549 50 49 10.000000 
2550 0 50 -10.000000 
2551 1 50 -10.000000 
2552 2 50 -10.000000 
2553 3 50 -10.000000 
2554 4 50 -10.000000 
2555 5 50 -10.000000 
2556 6 50 -10.000000 
2557 7 50 -10.000000 
2558 8 50 -10.000000 
2559 9 50 -10.000000 
2560 10 50 -10.000000 
2561 11 50 -10.000000 
2562 12 50 -10.000000 
2563 13 50 -10.000000 
2564 14 50 -10.000000 
2565 15 50 -10.000000 
2566 16 50 -10.000000 
2567 17 50 -10.000000 
2568 18 50 -10.000000 
2569 19 50 -10.000000 
2570 20 50 -10.000000 
2571 21 50 -10.000000 
2572 22 50 -10.000000 
2573 23 50 -10.000000 
2574 24 50 -10.000000 
2575 25 50 -10.000000 
2576 26 50 -10.000000 
2577 27 50 -10.000000 
2578 28 50 -10.000000 
2579 29 50 -10.000000 
2580 30 50 -10.000000 
2581 31 50 -10.000000 
2582 32 50 -10.000000 
2583 33 50 -10.000000 
2584 34 50 -10.000000 
2585 35 50 -10.000000 
2586 36 50 -10.000000 
2587 37 50 -10.000000 
2588 38 50 -10.000000 
2589 39 50 -10.000000 
2590 40 50 -10.000000 
2591 41 50 -10.000000 
2592 42 50 -10.000000 
2593 43 50 -10.000000 
2594 44 50 -10.000000 
2595 45 50 -10.000000 
2596 46 50 -10.000000 
2597 47 50 -10.000000 
2598 48 50 -10.000000 
2599 49 50 -10.000000 
2600 50 50 10.000000 
