1.000000 1.000000 0.000588
1.000000 2.000000 0.000806
1.000000 3.000000 0.001021
1.000000 4.000000 0.001232
1.000000 5.000000 0.001437
1.000000 6.000000 0.001637
1.000000 7.000000 0.001830
1.000000 8.000000 0.002016
1.000000 9.000000 0.002193
1.000000 10.000000 0.002362
1.000000 11.000000 0.002521
1.000000 12.000000 0.002670
1.000000 13.000000 0.002808
1.000000 14.000000 0.002935
1.000000 15.000000 0.003050
1.000000 16.000000 0.003154
1.000000 17.000000 0.003244
1.000000 18.000000 0.003322
1.000000 19.000000 0.003387
1.000000 20.000000 0.003439
1.000000 21.000000 0.003477
1.000000 22.000000 0.003502
1.000000 23.000000 0.003513
1.000000 24.000000 0.003510
1.000000 25.000000 0.003494
1.000000 26.000000 0.003465
1.000000 27.000000 0.003422
1.000000 28.000000 0.003367
1.000000 29.000000 0.003298
1.000000 30.000000 0.003217
1.000000 31.000000 0.003124
1.000000 32.000000 0.003019
1.000000 33.000000 0.002902
1.000000 34.000000 0.002775
1.000000 35.000000 0.002637
1.000000 36.000000 0.002490
1.000000 37.000000 0.002333
1.000000 38.000000 0.002167

2.000000 1.000000 0.001172
2.000000 2.000000 0.001607
2.000000 3.000000 0.002035
2.000000 4.000000 0.002455
2.000000 5.000000 0.002865
2.000000 6.000000 0.003263
2.000000 7.000000 0.003648
2.000000 8.000000 0.004018
2.000000 9.000000 0.004372
2.000000 10.000000 0.004708
2.000000 11.000000 0.005025
2.000000 12.000000 0.005322
2.000000 13.000000 0.005598
2.000000 14.000000 0.005851
2.000000 15.000000 0.006081
2.000000 16.000000 0.006287
2.000000 17.000000 0.006468
2.000000 18.000000 0.006623
2.000000 19.000000 0.006753
2.000000 20.000000 0.006856
2.000000 21.000000 0.006932
2.000000 22.000000 0.006981
2.000000 23.000000 0.007003
2.000000 24.000000 0.006998
2.000000 25.000000 0.006966
2.000000 26.000000 0.006908
2.000000 27.000000 0.006823
2.000000 28.000000 0.006711
2.000000 29.000000 0.006575
2.000000 30.000000 0.006413
2.000000 31.000000 0.006227
2.000000 32.000000 0.006018
2.000000 33.000000 0.005786
2.000000 34.000000 0.005532
2.000000 35.000000 0.005257
2.000000 36.000000 0.004963
2.000000 37.000000 0.004650
2.000000 38.000000 0.004320

3.000000 1.000000 0.001749
3.000000 2.000000 0.002398
3.000000 3.000000 0.003037
3.000000 4.000000 0.003663
3.000000 5.000000 0.004274
3.000000 6.000000 0.004869
3.000000 7.000000 0.005443
3.000000 8.000000 0.005995
3.000000 9.000000 0.006523
3.000000 10.000000 0.007024
3.000000 11.000000 0.007498
3.000000 12.000000 0.007941
3.000000 13.000000 0.008352
3.000000 14.000000 0.008730
3.000000 15.000000 0.009073
3.000000 16.000000 0.009380
3.000000 17.000000 0.009650
3.000000 18.000000 0.009882
3.000000 19.000000 0.010075
3.000000 20.000000 0.010228
3.000000 21.000000 0.010342
3.000000 22.000000 0.010415
3.000000 23.000000 0.010448
3.000000 24.000000 0.010441
3.000000 25.000000 0.010393
3.000000 26.000000 0.010306
3.000000 27.000000 0.010179
3.000000 28.000000 0.010013
3.000000 29.000000 0.009809
3.000000 30.000000 0.009568
3.000000 31.000000 0.009291
3.000000 32.000000 0.008978
3.000000 33.000000 0.008632
3.000000 34.000000 0.008254
3.000000 35.000000 0.007844
3.000000 36.000000 0.007405
3.000000 37.000000 0.006938
3.000000 38.000000 0.006445

4.000000 1.000000 0.002314
4.000000 2.000000 0.003173
4.000000 3.000000 0.004018
4.000000 4.000000 0.004847
4.000000 5.000000 0.005656
4.000000 6.000000 0.006443
4.000000 7.000000 0.007203
4.000000 8.000000 0.007933
4.000000 9.000000 0.008632
4.000000 10.000000 0.009295
4.000000 11.000000 0.009922
4.000000 12.000000 0.010508
4.000000 13.000000 0.011052
4.000000 14.000000 0.011552
4.000000 15.000000 0.012006
4.000000 16.000000 0.012412
4.000000 17.000000 0.012770
4.000000 18.000000 0.013076
4.000000 19.000000 0.013332
4.000000 20.000000 0.013535
4.000000 21.000000 0.013685
4.000000 22.000000 0.013782
4.000000 23.000000 0.013826
4.000000 24.000000 0.013816
4.000000 25.000000 0.013753
4.000000 26.000000 0.013638
4.000000 27.000000 0.013470
4.000000 28.000000 0.013250
4.000000 29.000000 0.012981
4.000000 30.000000 0.012662
4.000000 31.000000 0.012295
4.000000 32.000000 0.011881
4.000000 33.000000 0.011423
4.000000 34.000000 0.010922
4.000000 35.000000 0.010380
4.000000 36.000000 0.009799
4.000000 37.000000 0.009181
4.000000 38.000000 0.008529

5.000000 1.000000 0.002865
5.000000 2.000000 0.003928
5.000000 3.000000 0.004974
5.000000 4.000000 0.006000
5.000000 5.000000 0.007002
5.000000 6.000000 0.007975
5.000000 7.000000 0.008916
5.000000 8.000000 0.009820
5.000000 9.000000 0.010685
5.000000 10.000000 0.011507
5.000000 11.000000 0.012282
5.000000 12.000000 0.013008
5.000000 13.000000 0.013681
5.000000 14.000000 0.014300
5.000000 15.000000 0.014862
5.000000 16.000000 0.015365
5.000000 17.000000 0.015807
5.000000 18.000000 0.016187
5.000000 19.000000 0.016503
5.000000 20.000000 0.016755
5.000000 21.000000 0.016941
5.000000 22.000000 0.017061
5.000000 23.000000 0.017115
5.000000 24.000000 0.017103
5.000000 25.000000 0.017025
5.000000 26.000000 0.016882
5.000000 27.000000 0.016674
5.000000 28.000000 0.016402
5.000000 29.000000 0.016068
5.000000 30.000000 0.015674
5.000000 31.000000 0.015219
5.000000 32.000000 0.014708
5.000000 33.000000 0.014140
5.000000 34.000000 0.013520
5.000000 35.000000 0.012849
5.000000 36.000000 0.012130
5.000000 37.000000 0.011365
5.000000 38.000000 0.010558

6.000000 1.000000 0.003397
6.000000 2.000000 0.004657
6.000000 3.000000 0.005898
6.000000 4.000000 0.007115
6.000000 5.000000 0.008303
6.000000 6.000000 0.009457
6.000000 7.000000 0.010572
6.000000 8.000000 0.011645
6.000000 9.000000 0.012670
6.000000 10.000000 0.013644
6.000000 11.000000 0.014563
6.000000 12.000000 0.015424
6.000000 13.000000 0.016223
6.000000 14.000000 0.016957
6.000000 15.000000 0.017623
6.000000 16.000000 0.018219
6.000000 17.000000 0.018744
6.000000 18.000000 0.019194
6.000000 19.000000 0.019569
6.000000 20.000000 0.019867
6.000000 21.000000 0.020088
6.000000 22.000000 0.020230
6.000000 23.000000 0.020294
6.000000 24.000000 0.020280
6.000000 25.000000 0.020188
6.000000 26.000000 0.020018
6.000000 27.000000 0.019771
6.000000 28.000000 0.019449
6.000000 29.000000 0.019053
6.000000 30.000000 0.018585
6.000000 31.000000 0.018046
6.000000 32.000000 0.017440
6.000000 33.000000 0.016767
6.000000 34.000000 0.016031
6.000000 35.000000 0.015236
6.000000 36.000000 0.014383
6.000000 37.000000 0.013476
6.000000 38.000000 0.012519

7.000000 1.000000 0.003908
7.000000 2.000000 0.005357
7.000000 3.000000 0.006784
7.000000 4.000000 0.008184
7.000000 5.000000 0.009550
7.000000 6.000000 0.010878
7.000000 7.000000 0.012161
7.000000 8.000000 0.013394
7.000000 9.000000 0.014574
7.000000 10.000000 0.015694
7.000000 11.000000 0.016751
7.000000 12.000000 0.017741
7.000000 13.000000 0.018660
7.000000 14.000000 0.019504
7.000000 15.000000 0.020271
7.000000 16.000000 0.020957
7.000000 17.000000 0.021560
7.000000 18.000000 0.022078
7.000000 19.000000 0.022509
7.000000 20.000000 0.022852
7.000000 21.000000 0.023106
7.000000 22.000000 0.023270
7.000000 23.000000 0.023344
7.000000 24.000000 0.023327
7.000000 25.000000 0.023221
7.000000 26.000000 0.023025
7.000000 27.000000 0.022742
7.000000 28.000000 0.022371
7.000000 29.000000 0.021916
7.000000 30.000000 0.021377
7.000000 31.000000 0.020758
7.000000 32.000000 0.020060
7.000000 33.000000 0.019286
7.000000 34.000000 0.018440
7.000000 35.000000 0.017525
7.000000 36.000000 0.016544
7.000000 37.000000 0.015501
7.000000 38.000000 0.014400

8.000000 1.000000 0.004393
8.000000 2.000000 0.006022
8.000000 3.000000 0.007627
8.000000 4.000000 0.009201
8.000000 5.000000 0.010737
8.000000 6.000000 0.012229
8.000000 7.000000 0.013671
8.000000 8.000000 0.015058
8.000000 9.000000 0.016384
8.000000 10.000000 0.017644
8.000000 11.000000 0.018832
8.000000 12.000000 0.019945
8.000000 13.000000 0.020978
8.000000 14.000000 0.021927
8.000000 15.000000 0.022789
8.000000 16.000000 0.023560
8.000000 17.000000 0.024238
8.000000 18.000000 0.024820
8.000000 19.000000 0.025305
8.000000 20.000000 0.025691
8.000000 21.000000 0.025976
8.000000 22.000000 0.026161
8.000000 23.000000 0.026243
8.000000 24.000000 0.026225
8.000000 25.000000 0.026105
8.000000 26.000000 0.025886
8.000000 27.000000 0.025567
8.000000 28.000000 0.025151
8.000000 29.000000 0.024638
8.000000 30.000000 0.024033
8.000000 31.000000 0.023336
8.000000 32.000000 0.022552
8.000000 33.000000 0.021682
8.000000 34.000000 0.020731
8.000000 35.000000 0.019702
8.000000 36.000000 0.018599
8.000000 37.000000 0.017427
8.000000 38.000000 0.016189

9.000000 1.000000 0.004850
9.000000 2.000000 0.006649
9.000000 3.000000 0.008421
9.000000 4.000000 0.010159
9.000000 5.000000 0.011854
9.000000 6.000000 0.013502
9.000000 7.000000 0.015095
9.000000 8.000000 0.016626
9.000000 9.000000 0.018090
9.000000 10.000000 0.019481
9.000000 11.000000 0.020793
9.000000 12.000000 0.022022
9.000000 13.000000 0.023162
9.000000 14.000000 0.024210
9.000000 15.000000 0.025162
9.000000 16.000000 0.026013
9.000000 17.000000 0.026762
9.000000 18.000000 0.027405
9.000000 19.000000 0.027940
9.000000 20.000000 0.028366
9.000000 21.000000 0.028681
9.000000 22.000000 0.028884
9.000000 23.000000 0.028976
9.000000 24.000000 0.028955
9.000000 25.000000 0.028823
9.000000 26.000000 0.028581
9.000000 27.000000 0.028229
9.000000 28.000000 0.027769
9.000000 29.000000 0.027204
9.000000 30.000000 0.026535
9.000000 31.000000 0.025766
9.000000 32.000000 0.024900
9.000000 33.000000 0.023940
9.000000 34.000000 0.022889
9.000000 35.000000 0.021753
9.000000 36.000000 0.020536
9.000000 37.000000 0.019241
9.000000 38.000000 0.017875

10.000000 1.000000 0.005277
10.000000 2.000000 0.007234
10.000000 3.000000 0.009162
10.000000 4.000000 0.011052
10.000000 5.000000 0.012897
10.000000 6.000000 0.014689
10.000000 7.000000 0.016422
10.000000 8.000000 0.018088
10.000000 9.000000 0.019681
10.000000 10.000000 0.021194
10.000000 11.000000 0.022621
10.000000 12.000000 0.023958
10.000000 13.000000 0.025199
10.000000 14.000000 0.026339
10.000000 15.000000 0.027374
10.000000 16.000000 0.028300
10.000000 17.000000 0.029115
10.000000 18.000000 0.029814
10.000000 19.000000 0.030397
10.000000 20.000000 0.030860
10.000000 21.000000 0.031203
10.000000 22.000000 0.031424
10.000000 23.000000 0.031524
10.000000 24.000000 0.031501
10.000000 25.000000 0.031358
10.000000 26.000000 0.031094
10.000000 27.000000 0.030711
10.000000 28.000000 0.030211
10.000000 29.000000 0.029596
10.000000 30.000000 0.028868
10.000000 31.000000 0.028032
10.000000 32.000000 0.027089
10.000000 33.000000 0.026045
10.000000 34.000000 0.024902
10.000000 35.000000 0.023666
10.000000 36.000000 0.022341
10.000000 37.000000 0.020933
10.000000 38.000000 0.019446

11.000000 1.000000 0.005670
11.000000 2.000000 0.007773
11.000000 3.000000 0.009844
11.000000 4.000000 0.011875
11.000000 5.000000 0.013857
11.000000 6.000000 0.015783
11.000000 7.000000 0.017645
11.000000 8.000000 0.019435
11.000000 9.000000 0.021146
11.000000 10.000000 0.022772
11.000000 11.000000 0.024306
11.000000 12.000000 0.025742
11.000000 13.000000 0.027075
11.000000 14.000000 0.028300
11.000000 15.000000 0.029413
11.000000 16.000000 0.030408
11.000000 17.000000 0.031283
11.000000 18.000000 0.032034
11.000000 19.000000 0.032660
11.000000 20.000000 0.033158
11.000000 21.000000 0.033526
11.000000 22.000000 0.033764
11.000000 23.000000 0.033871
11.000000 24.000000 0.033847
11.000000 25.000000 0.033693
11.000000 26.000000 0.033409
11.000000 27.000000 0.032998
11.000000 28.000000 0.032461
11.000000 29.000000 0.031800
11.000000 30.000000 0.031018
11.000000 31.000000 0.030119
11.000000 32.000000 0.029106
11.000000 33.000000 0.027984
11.000000 34.000000 0.026756
11.000000 35.000000 0.025428
11.000000 36.000000 0.024005
11.000000 37.000000 0.022492
11.000000 38.000000 0.020894

12.000000 1.000000 0.006027
12.000000 2.000000 0.008262
12.000000 3.000000 0.010464
12.000000 4.000000 0.012623
12.000000 5.000000 0.014730
12.000000 6.000000 0.016777
12.000000 7.000000 0.018756
12.000000 8.000000 0.020659
12.000000 9.000000 0.022478
12.000000 10.000000 0.024206
12.000000 11.000000 0.025837
12.000000 12.000000 0.027363
12.000000 13.000000 0.028780
12.000000 14.000000 0.030083
12.000000 15.000000 0.031265
12.000000 16.000000 0.032323
12.000000 17.000000 0.033253
12.000000 18.000000 0.034052
12.000000 19.000000 0.034717
12.000000 20.000000 0.035246
12.000000 21.000000 0.035638
12.000000 22.000000 0.035890
12.000000 23.000000 0.036004
12.000000 24.000000 0.035979
12.000000 25.000000 0.035815
12.000000 26.000000 0.035513
12.000000 27.000000 0.035076
12.000000 28.000000 0.034505
12.000000 29.000000 0.033802
12.000000 30.000000 0.032971
12.000000 31.000000 0.032016
12.000000 32.000000 0.030939
12.000000 33.000000 0.029746
12.000000 34.000000 0.028441
12.000000 35.000000 0.027030
12.000000 36.000000 0.025517
12.000000 37.000000 0.023908
12.000000 38.000000 0.022210

13.000000 1.000000 0.006346
13.000000 2.000000 0.008699
13.000000 3.000000 0.011018
13.000000 4.000000 0.013291
13.000000 5.000000 0.015509
13.000000 6.000000 0.017665
13.000000 7.000000 0.019749
13.000000 8.000000 0.021752
13.000000 9.000000 0.023667
13.000000 10.000000 0.025487
13.000000 11.000000 0.027204
13.000000 12.000000 0.028812
13.000000 13.000000 0.030304
13.000000 14.000000 0.031675
13.000000 15.000000 0.032919
13.000000 16.000000 0.034033
13.000000 17.000000 0.035013
13.000000 18.000000 0.035854
13.000000 19.000000 0.036554
13.000000 20.000000 0.037111
13.000000 21.000000 0.037524
13.000000 22.000000 0.037790
13.000000 23.000000 0.037910
13.000000 24.000000 0.037883
13.000000 25.000000 0.037710
13.000000 26.000000 0.037393
13.000000 27.000000 0.036932
13.000000 28.000000 0.036331
13.000000 29.000000 0.035591
13.000000 30.000000 0.034716
13.000000 31.000000 0.033710
13.000000 32.000000 0.032577
13.000000 33.000000 0.031321
13.000000 34.000000 0.029947
13.000000 35.000000 0.028460
13.000000 36.000000 0.026867
13.000000 37.000000 0.025173
13.000000 38.000000 0.023386

14.000000 1.000000 0.006625
14.000000 2.000000 0.009082
14.000000 3.000000 0.011502
14.000000 4.000000 0.013875
14.000000 5.000000 0.016191
14.000000 6.000000 0.018442
14.000000 7.000000 0.020617
14.000000 8.000000 0.022708
14.000000 9.000000 0.024708
14.000000 10.000000 0.026608
14.000000 11.000000 0.028400
14.000000 12.000000 0.030078
14.000000 13.000000 0.031636
14.000000 14.000000 0.033067
14.000000 15.000000 0.034367
14.000000 16.000000 0.035530
14.000000 17.000000 0.036552
14.000000 18.000000 0.037430
14.000000 19.000000 0.038161
14.000000 20.000000 0.038743
14.000000 21.000000 0.039173
14.000000 22.000000 0.039451
14.000000 23.000000 0.039576
14.000000 24.000000 0.039548
14.000000 25.000000 0.039368
14.000000 26.000000 0.039037
14.000000 27.000000 0.038556
14.000000 28.000000 0.037928
14.000000 29.000000 0.037156
14.000000 30.000000 0.036243
14.000000 31.000000 0.035192
14.000000 32.000000 0.034009
14.000000 33.000000 0.032698
14.000000 34.000000 0.031263
14.000000 35.000000 0.029711
14.000000 36.000000 0.028048
14.000000 37.000000 0.026280
14.000000 38.000000 0.024414

15.000000 1.000000 0.006862
15.000000 2.000000 0.009407
15.000000 3.000000 0.011914
15.000000 4.000000 0.014372
15.000000 5.000000 0.016771
15.000000 6.000000 0.019102
15.000000 7.000000 0.021356
15.000000 8.000000 0.023522
15.000000 9.000000 0.025593
15.000000 10.000000 0.027561
15.000000 11.000000 0.029418
15.000000 12.000000 0.031156
15.000000 13.000000 0.032769
15.000000 14.000000 0.034252
15.000000 15.000000 0.035598
15.000000 16.000000 0.036803
15.000000 17.000000 0.037862
15.000000 18.000000 0.038771
15.000000 19.000000 0.039529
15.000000 20.000000 0.040131
15.000000 21.000000 0.040577
15.000000 22.000000 0.040865
15.000000 23.000000 0.040994
15.000000 24.000000 0.040965
15.000000 25.000000 0.040779
15.000000 26.000000 0.040436
15.000000 27.000000 0.039938
15.000000 28.000000 0.039287
15.000000 29.000000 0.038487
15.000000 30.000000 0.037541
15.000000 31.000000 0.036453
15.000000 32.000000 0.035228
15.000000 33.000000 0.033869
15.000000 34.000000 0.032383
15.000000 35.000000 0.030776
15.000000 36.000000 0.029053
15.000000 37.000000 0.027222
15.000000 38.000000 0.025289

16.000000 1.000000 0.007057
16.000000 2.000000 0.009674
16.000000 3.000000 0.012252
16.000000 4.000000 0.014779
16.000000 5.000000 0.017247
16.000000 6.000000 0.019644
16.000000 7.000000 0.021961
16.000000 8.000000 0.024189
16.000000 9.000000 0.026318
16.000000 10.000000 0.028342
16.000000 11.000000 0.030251
16.000000 12.000000 0.032039
16.000000 13.000000 0.033698
16.000000 14.000000 0.035222
16.000000 15.000000 0.036607
16.000000 16.000000 0.037845
16.000000 17.000000 0.038934
16.000000 18.000000 0.039870
16.000000 19.000000 0.040649
16.000000 20.000000 0.041268
16.000000 21.000000 0.041727
16.000000 22.000000 0.042023
16.000000 23.000000 0.042156
16.000000 24.000000 0.042126
16.000000 25.000000 0.041934
16.000000 26.000000 0.041581
16.000000 27.000000 0.041069
16.000000 28.000000 0.040400
16.000000 29.000000 0.039578
16.000000 30.000000 0.038605
16.000000 31.000000 0.037486
16.000000 32.000000 0.036226
16.000000 33.000000 0.034829
16.000000 34.000000 0.033301
16.000000 35.000000 0.031648
16.000000 36.000000 0.029876
16.000000 37.000000 0.027993
16.000000 38.000000 0.026005

17.000000 1.000000 0.007207
17.000000 2.000000 0.009880
17.000000 3.000000 0.012513
17.000000 4.000000 0.015094
17.000000 5.000000 0.017614
17.000000 6.000000 0.020062
17.000000 7.000000 0.022429
17.000000 8.000000 0.024704
17.000000 9.000000 0.026879
17.000000 10.000000 0.028946
17.000000 11.000000 0.030896
17.000000 12.000000 0.032722
17.000000 13.000000 0.034416
17.000000 14.000000 0.035973
17.000000 15.000000 0.037387
17.000000 16.000000 0.038652
17.000000 17.000000 0.039764
17.000000 18.000000 0.040720
17.000000 19.000000 0.041515
17.000000 20.000000 0.042148
17.000000 21.000000 0.042616
17.000000 22.000000 0.042918
17.000000 23.000000 0.043054
17.000000 24.000000 0.043024
17.000000 25.000000 0.042828
17.000000 26.000000 0.042467
17.000000 27.000000 0.041944
17.000000 28.000000 0.041261
17.000000 29.000000 0.040421
17.000000 30.000000 0.039428
17.000000 31.000000 0.038285
17.000000 32.000000 0.036998
17.000000 33.000000 0.035571
17.000000 34.000000 0.034011
17.000000 35.000000 0.032322
17.000000 36.000000 0.030513
17.000000 37.000000 0.028590
17.000000 38.000000 0.026559

18.000000 1.000000 0.007312
18.000000 2.000000 0.010025
18.000000 3.000000 0.012696
18.000000 4.000000 0.015315
18.000000 5.000000 0.017872
18.000000 6.000000 0.020356
18.000000 7.000000 0.022757
18.000000 8.000000 0.025066
18.000000 9.000000 0.027273
18.000000 10.000000 0.029370
18.000000 11.000000 0.031348
18.000000 12.000000 0.033201
18.000000 13.000000 0.034920
18.000000 14.000000 0.036500
18.000000 15.000000 0.037934
18.000000 16.000000 0.039218
18.000000 17.000000 0.040347
18.000000 18.000000 0.041316
18.000000 19.000000 0.042123
18.000000 20.000000 0.042765
18.000000 21.000000 0.043240
18.000000 22.000000 0.043547
18.000000 23.000000 0.043685
18.000000 24.000000 0.043654
18.000000 25.000000 0.043455
18.000000 26.000000 0.043089
18.000000 27.000000 0.042559
18.000000 28.000000 0.041866
18.000000 29.000000 0.041013
18.000000 30.000000 0.040005
18.000000 31.000000 0.038846
18.000000 32.000000 0.037540
18.000000 33.000000 0.036092
18.000000 34.000000 0.034509
18.000000 35.000000 0.032796
18.000000 36.000000 0.030960
18.000000 37.000000 0.029008
18.000000 38.000000 0.026948

19.000000 1.000000 0.007373
19.000000 2.000000 0.010107
19.000000 3.000000 0.012801
19.000000 4.000000 0.015441
19.000000 5.000000 0.018019
19.000000 6.000000 0.020524
19.000000 7.000000 0.022945
19.000000 8.000000 0.025272
19.000000 9.000000 0.027498
19.000000 10.000000 0.029612
19.000000 11.000000 0.031607
19.000000 12.000000 0.033474
19.000000 13.000000 0.035208
19.000000 14.000000 0.036801
19.000000 15.000000 0.038247
19.000000 16.000000 0.039541
19.000000 17.000000 0.040679
19.000000 18.000000 0.041656
19.000000 19.000000 0.042470
19.000000 20.000000 0.043117
19.000000 21.000000 0.043596
19.000000 22.000000 0.043906
19.000000 23.000000 0.044045
19.000000 24.000000 0.044014
19.000000 25.000000 0.043813
19.000000 26.000000 0.043444
19.000000 27.000000 0.042909
19.000000 28.000000 0.042211
19.000000 29.000000 0.041351
19.000000 30.000000 0.040335
19.000000 31.000000 0.039166
19.000000 32.000000 0.037849
19.000000 33.000000 0.036389
19.000000 34.000000 0.034793
19.000000 35.000000 0.033066
19.000000 36.000000 0.031215
19.000000 37.000000 0.029247
19.000000 38.000000 0.027170

20.000000 1.000000 0.007387
20.000000 2.000000 0.010127
20.000000 3.000000 0.012826
20.000000 4.000000 0.015472
20.000000 5.000000 0.018055
20.000000 6.000000 0.020565
20.000000 7.000000 0.022990
20.000000 8.000000 0.025323
20.000000 9.000000 0.027553
20.000000 10.000000 0.029671
20.000000 11.000000 0.031670
20.000000 12.000000 0.033541
20.000000 13.000000 0.035278
20.000000 14.000000 0.036874
20.000000 15.000000 0.038323
20.000000 16.000000 0.039620
20.000000 17.000000 0.040760
20.000000 18.000000 0.041739
20.000000 19.000000 0.042555
20.000000 20.000000 0.043203
20.000000 21.000000 0.043683
20.000000 22.000000 0.043993
20.000000 23.000000 0.044133
20.000000 24.000000 0.044101
20.000000 25.000000 0.043901
20.000000 26.000000 0.043531
20.000000 27.000000 0.042995
20.000000 28.000000 0.042295
20.000000 29.000000 0.041434
20.000000 30.000000 0.040415
20.000000 31.000000 0.039244
20.000000 32.000000 0.037924
20.000000 33.000000 0.036462
20.000000 34.000000 0.034862
20.000000 35.000000 0.033132
20.000000 36.000000 0.031277
20.000000 37.000000 0.029306
20.000000 38.000000 0.027224

21.000000 1.000000 0.007357
21.000000 2.000000 0.010085
21.000000 3.000000 0.012773
21.000000 4.000000 0.015408
21.000000 5.000000 0.017980
21.000000 6.000000 0.020479
21.000000 7.000000 0.022895
21.000000 8.000000 0.025217
21.000000 9.000000 0.027438
21.000000 10.000000 0.029547
21.000000 11.000000 0.031538
21.000000 12.000000 0.033401
21.000000 13.000000 0.035131
21.000000 14.000000 0.036720
21.000000 15.000000 0.038163
21.000000 16.000000 0.039455
21.000000 17.000000 0.040590
21.000000 18.000000 0.041565
21.000000 19.000000 0.042377
21.000000 20.000000 0.043023
21.000000 21.000000 0.043501
21.000000 22.000000 0.043810
21.000000 23.000000 0.043949
21.000000 24.000000 0.043918
21.000000 25.000000 0.043717
21.000000 26.000000 0.043349
21.000000 27.000000 0.042816
21.000000 28.000000 0.042118
21.000000 29.000000 0.041261
21.000000 30.000000 0.040247
21.000000 31.000000 0.039080
21.000000 32.000000 0.037766
21.000000 33.000000 0.036310
21.000000 34.000000 0.034717
21.000000 35.000000 0.032994
21.000000 36.000000 0.031147
21.000000 37.000000 0.029183
21.000000 38.000000 0.027111

22.000000 1.000000 0.007281
22.000000 2.000000 0.009981
22.000000 3.000000 0.012641
22.000000 4.000000 0.015249
22.000000 5.000000 0.017794
22.000000 6.000000 0.020267
22.000000 7.000000 0.022658
22.000000 8.000000 0.024957
22.000000 9.000000 0.027154
22.000000 10.000000 0.029242
22.000000 11.000000 0.031212
22.000000 12.000000 0.033056
22.000000 13.000000 0.034768
22.000000 14.000000 0.036341
22.000000 15.000000 0.037769
22.000000 16.000000 0.039047
22.000000 17.000000 0.040171
22.000000 18.000000 0.041136
22.000000 19.000000 0.041940
22.000000 20.000000 0.042579
22.000000 21.000000 0.043052
22.000000 22.000000 0.043357
22.000000 23.000000 0.043495
22.000000 24.000000 0.043464
22.000000 25.000000 0.043266
22.000000 26.000000 0.042902
22.000000 27.000000 0.042374
22.000000 28.000000 0.041684
22.000000 29.000000 0.040835
22.000000 30.000000 0.039831
22.000000 31.000000 0.038677
22.000000 32.000000 0.037376
22.000000 33.000000 0.035935
22.000000 34.000000 0.034359
22.000000 35.000000 0.032653
22.000000 36.000000 0.030825
22.000000 37.000000 0.028882
22.000000 38.000000 0.026831

23.000000 1.000000 0.007160
23.000000 2.000000 0.009816
23.000000 3.000000 0.012432
23.000000 4.000000 0.014996
23.000000 5.000000 0.017500
23.000000 6.000000 0.019932
23.000000 7.000000 0.022283
23.000000 8.000000 0.024544
23.000000 9.000000 0.026705
23.000000 10.000000 0.028758
23.000000 11.000000 0.030695
23.000000 12.000000 0.032509
23.000000 13.000000 0.034193
23.000000 14.000000 0.035740
23.000000 15.000000 0.037144
23.000000 16.000000 0.038401
23.000000 17.000000 0.039506
23.000000 18.000000 0.040455
23.000000 19.000000 0.041246
23.000000 20.000000 0.041874
23.000000 21.000000 0.042339
23.000000 22.000000 0.042640
23.000000 23.000000 0.042775
23.000000 24.000000 0.042745
23.000000 25.000000 0.042550
23.000000 26.000000 0.042192
23.000000 27.000000 0.041672
23.000000 28.000000 0.040994
23.000000 29.000000 0.040159
23.000000 30.000000 0.039172
23.000000 31.000000 0.038037
23.000000 32.000000 0.036758
23.000000 33.000000 0.035340
23.000000 34.000000 0.033790
23.000000 35.000000 0.032113
23.000000 36.000000 0.030315
23.000000 37.000000 0.028404
23.000000 38.000000 0.026387

24.000000 1.000000 0.006996
24.000000 2.000000 0.009591
24.000000 3.000000 0.012146
24.000000 4.000000 0.014652
24.000000 5.000000 0.017099
24.000000 6.000000 0.019475
24.000000 7.000000 0.021772
24.000000 8.000000 0.023981
24.000000 9.000000 0.026093
24.000000 10.000000 0.028099
24.000000 11.000000 0.029992
24.000000 12.000000 0.031764
24.000000 13.000000 0.033409
24.000000 14.000000 0.034920
24.000000 15.000000 0.036293
24.000000 16.000000 0.037521
24.000000 17.000000 0.038600
24.000000 18.000000 0.039528
24.000000 19.000000 0.040300
24.000000 20.000000 0.040914
24.000000 21.000000 0.041369
24.000000 22.000000 0.041662
24.000000 23.000000 0.041794
24.000000 24.000000 0.041765
24.000000 25.000000 0.041574
24.000000 26.000000 0.041225
24.000000 27.000000 0.040717
24.000000 28.000000 0.040054
24.000000 29.000000 0.039238
24.000000 30.000000 0.038274
24.000000 31.000000 0.037165
24.000000 32.000000 0.035915
24.000000 33.000000 0.034530
24.000000 34.000000 0.033015
24.000000 35.000000 0.031376
24.000000 36.000000 0.029620
24.000000 37.000000 0.027753
24.000000 38.000000 0.025782

25.000000 1.000000 0.006789
25.000000 2.000000 0.009307
25.000000 3.000000 0.011788
25.000000 4.000000 0.014220
25.000000 5.000000 0.016593
25.000000 6.000000 0.018900
25.000000 7.000000 0.021129
25.000000 8.000000 0.023272
25.000000 9.000000 0.025322
25.000000 10.000000 0.027269
25.000000 11.000000 0.029106
25.000000 12.000000 0.030825
25.000000 13.000000 0.032422
25.000000 14.000000 0.033889
25.000000 15.000000 0.035220
25.000000 16.000000 0.036412
25.000000 17.000000 0.037460
25.000000 18.000000 0.038360
25.000000 19.000000 0.039109
25.000000 20.000000 0.039705
25.000000 21.000000 0.040146
25.000000 22.000000 0.040431
25.000000 23.000000 0.040559
25.000000 24.000000 0.040531
25.000000 25.000000 0.040346
25.000000 26.000000 0.040006
25.000000 27.000000 0.039514
25.000000 28.000000 0.038870
25.000000 29.000000 0.038079
25.000000 30.000000 0.037143
25.000000 31.000000 0.036066
25.000000 32.000000 0.034854
25.000000 33.000000 0.033510
25.000000 34.000000 0.032040
25.000000 35.000000 0.030449
25.000000 36.000000 0.028745
25.000000 37.000000 0.026933
25.000000 38.000000 0.025020

26.000000 1.000000 0.006541
26.000000 2.000000 0.008968
26.000000 3.000000 0.011357
26.000000 4.000000 0.013700
26.000000 5.000000 0.015988
26.000000 6.000000 0.018210
26.000000 7.000000 0.020358
26.000000 8.000000 0.022423
26.000000 9.000000 0.024397
26.000000 10.000000 0.026273
26.000000 11.000000 0.028043
26.000000 12.000000 0.029700
26.000000 13.000000 0.031238
26.000000 14.000000 0.032651
26.000000 15.000000 0.033934
26.000000 16.000000 0.035083
26.000000 17.000000 0.036092
26.000000 18.000000 0.036959
26.000000 19.000000 0.037681
26.000000 20.000000 0.038256
26.000000 21.000000 0.038681
26.000000 22.000000 0.038955
26.000000 23.000000 0.039079
26.000000 24.000000 0.039051
26.000000 25.000000 0.038873
26.000000 26.000000 0.038546
26.000000 27.000000 0.038071
26.000000 28.000000 0.037451
26.000000 29.000000 0.036689
26.000000 30.000000 0.035787
26.000000 31.000000 0.034750
26.000000 32.000000 0.033581
26.000000 33.000000 0.032286
26.000000 34.000000 0.030870
26.000000 35.000000 0.029338
26.000000 36.000000 0.027695
26.000000 37.000000 0.025950
26.000000 38.000000 0.024107

27.000000 1.000000 0.006254
27.000000 2.000000 0.008574
27.000000 3.000000 0.010858
27.000000 4.000000 0.013098
27.000000 5.000000 0.015285
27.000000 6.000000 0.017409
27.000000 7.000000 0.019463
27.000000 8.000000 0.021438
27.000000 9.000000 0.023325
27.000000 10.000000 0.025119
27.000000 11.000000 0.026811
27.000000 12.000000 0.028395
27.000000 13.000000 0.029865
27.000000 14.000000 0.031217
27.000000 15.000000 0.032443
27.000000 16.000000 0.033541
27.000000 17.000000 0.034506
27.000000 18.000000 0.035335
27.000000 19.000000 0.036026
27.000000 20.000000 0.036575
27.000000 21.000000 0.036981
27.000000 22.000000 0.037243
27.000000 23.000000 0.037361
27.000000 24.000000 0.037335
27.000000 25.000000 0.037165
27.000000 26.000000 0.036852
27.000000 27.000000 0.036398
27.000000 28.000000 0.035806
27.000000 29.000000 0.035077
27.000000 30.000000 0.034214
27.000000 31.000000 0.033223
27.000000 32.000000 0.032106
27.000000 33.000000 0.030868
27.000000 34.000000 0.029514
27.000000 35.000000 0.028049
27.000000 36.000000 0.026479
27.000000 37.000000 0.024809
27.000000 38.000000 0.023047

28.000000 1.000000 0.005929
28.000000 2.000000 0.008128
28.000000 3.000000 0.010294
28.000000 4.000000 0.012417
28.000000 5.000000 0.014490
28.000000 6.000000 0.016504
28.000000 7.000000 0.018451
28.000000 8.000000 0.020323
28.000000 9.000000 0.022113
28.000000 10.000000 0.023813
28.000000 11.000000 0.025417
28.000000 12.000000 0.026919
28.000000 13.000000 0.028313
28.000000 14.000000 0.029594
28.000000 15.000000 0.030757
28.000000 16.000000 0.031797
28.000000 17.000000 0.032712
28.000000 18.000000 0.033498
28.000000 19.000000 0.034153
28.000000 20.000000 0.034673
28.000000 21.000000 0.035058
28.000000 22.000000 0.035307
28.000000 23.000000 0.035419
28.000000 24.000000 0.035394
28.000000 25.000000 0.035233
28.000000 26.000000 0.034936
28.000000 27.000000 0.034506
28.000000 28.000000 0.033944
28.000000 29.000000 0.033253
28.000000 30.000000 0.032436
28.000000 31.000000 0.031496
28.000000 32.000000 0.030437
28.000000 33.000000 0.029263
28.000000 34.000000 0.027979
28.000000 35.000000 0.026590
28.000000 36.000000 0.025102
28.000000 37.000000 0.023520
28.000000 38.000000 0.021849

29.000000 1.000000 0.005568
29.000000 2.000000 0.007633
29.000000 3.000000 0.009667
29.000000 4.000000 0.011662
29.000000 5.000000 0.013609
29.000000 6.000000 0.015500
29.000000 7.000000 0.017328
29.000000 8.000000 0.019086
29.000000 9.000000 0.020767
29.000000 10.000000 0.022364
29.000000 11.000000 0.023870
29.000000 12.000000 0.025281
29.000000 13.000000 0.026590
29.000000 14.000000 0.027793
29.000000 15.000000 0.028885
29.000000 16.000000 0.029862
29.000000 17.000000 0.030722
29.000000 18.000000 0.031460
29.000000 19.000000 0.032074
29.000000 20.000000 0.032563
29.000000 21.000000 0.032925
29.000000 22.000000 0.033158
29.000000 23.000000 0.033264
29.000000 24.000000 0.033240
29.000000 25.000000 0.033089
29.000000 26.000000 0.032810
29.000000 27.000000 0.032406
29.000000 28.000000 0.031878
29.000000 29.000000 0.031229
29.000000 30.000000 0.030462
29.000000 31.000000 0.029579
29.000000 32.000000 0.028584
29.000000 33.000000 0.027482
29.000000 34.000000 0.026276
29.000000 35.000000 0.024972
29.000000 36.000000 0.023574
29.000000 37.000000 0.022088
29.000000 38.000000 0.020520

30.000000 1.000000 0.005174
30.000000 2.000000 0.007093
30.000000 3.000000 0.008983
30.000000 4.000000 0.010836
30.000000 5.000000 0.012645
30.000000 6.000000 0.014403
30.000000 7.000000 0.016101
30.000000 8.000000 0.017735
30.000000 9.000000 0.019297
30.000000 10.000000 0.020780
30.000000 11.000000 0.022180
30.000000 12.000000 0.023491
30.000000 13.000000 0.024707
30.000000 14.000000 0.025825
30.000000 15.000000 0.026840
30.000000 16.000000 0.027748
30.000000 17.000000 0.028547
30.000000 18.000000 0.029232
30.000000 19.000000 0.029803
30.000000 20.000000 0.030258
30.000000 21.000000 0.030594
30.000000 22.000000 0.030811
30.000000 23.000000 0.030908
30.000000 24.000000 0.030887
30.000000 25.000000 0.030746
30.000000 26.000000 0.030487
30.000000 27.000000 0.030112
30.000000 28.000000 0.029621
30.000000 29.000000 0.029018
30.000000 30.000000 0.028305
30.000000 31.000000 0.027485
30.000000 32.000000 0.026560
30.000000 33.000000 0.025536
30.000000 34.000000 0.024416
30.000000 35.000000 0.023204
30.000000 36.000000 0.021905
30.000000 37.000000 0.020524
30.000000 38.000000 0.019067

31.000000 1.000000 0.004749
31.000000 2.000000 0.006510
31.000000 3.000000 0.008245
31.000000 4.000000 0.009945
31.000000 5.000000 0.011606
31.000000 6.000000 0.013219
31.000000 7.000000 0.014778
31.000000 8.000000 0.016277
31.000000 9.000000 0.017711
31.000000 10.000000 0.019072
31.000000 11.000000 0.020357
31.000000 12.000000 0.021560
31.000000 13.000000 0.022677
31.000000 14.000000 0.023702
31.000000 15.000000 0.024634
31.000000 16.000000 0.025468
31.000000 17.000000 0.026200
31.000000 18.000000 0.026830
31.000000 19.000000 0.027354
31.000000 20.000000 0.027771
31.000000 21.000000 0.028079
31.000000 22.000000 0.028279
31.000000 23.000000 0.028368
31.000000 24.000000 0.028348
31.000000 25.000000 0.028219
31.000000 26.000000 0.027981
31.000000 27.000000 0.027637
31.000000 28.000000 0.027187
31.000000 29.000000 0.026633
31.000000 30.000000 0.025979
31.000000 31.000000 0.025226
31.000000 32.000000 0.024378
31.000000 33.000000 0.023438
31.000000 34.000000 0.022409
31.000000 35.000000 0.021297
31.000000 36.000000 0.020105
31.000000 37.000000 0.018838
31.000000 38.000000 0.017500

32.000000 1.000000 0.004295
32.000000 2.000000 0.005888
32.000000 3.000000 0.007457
32.000000 4.000000 0.008995
32.000000 5.000000 0.010497
32.000000 6.000000 0.011956
32.000000 7.000000 0.013366
32.000000 8.000000 0.014722
32.000000 9.000000 0.016019
32.000000 10.000000 0.017250
32.000000 11.000000 0.018413
32.000000 12.000000 0.019501
32.000000 13.000000 0.020510
32.000000 14.000000 0.021438
32.000000 15.000000 0.022281
32.000000 16.000000 0.023035
32.000000 17.000000 0.023698
32.000000 18.000000 0.024267
32.000000 19.000000 0.024741
32.000000 20.000000 0.025118
32.000000 21.000000 0.025397
32.000000 22.000000 0.025577
32.000000 23.000000 0.025658
32.000000 24.000000 0.025640
32.000000 25.000000 0.025523
32.000000 26.000000 0.025309
32.000000 27.000000 0.024997
32.000000 28.000000 0.024590
32.000000 29.000000 0.024089
32.000000 30.000000 0.023497
32.000000 31.000000 0.022816
32.000000 32.000000 0.022049
32.000000 33.000000 0.021199
32.000000 34.000000 0.020269
32.000000 35.000000 0.019263
32.000000 36.000000 0.018184
32.000000 37.000000 0.017038
32.000000 38.000000 0.015828

33.000000 1.000000 0.003816
33.000000 2.000000 0.005231
33.000000 3.000000 0.006625
33.000000 4.000000 0.007992
33.000000 5.000000 0.009326
33.000000 6.000000 0.010622
33.000000 7.000000 0.011875
33.000000 8.000000 0.013080
33.000000 9.000000 0.014231
33.000000 10.000000 0.015326
33.000000 11.000000 0.016358
33.000000 12.000000 0.017325
33.000000 13.000000 0.018222
33.000000 14.000000 0.019046
33.000000 15.000000 0.019795
33.000000 16.000000 0.020465
33.000000 17.000000 0.021053
33.000000 18.000000 0.021559
33.000000 19.000000 0.021980
33.000000 20.000000 0.022315
33.000000 21.000000 0.022563
33.000000 22.000000 0.022723
33.000000 23.000000 0.022795
33.000000 24.000000 0.022779
33.000000 25.000000 0.022676
33.000000 26.000000 0.022485
33.000000 27.000000 0.022208
33.000000 28.000000 0.021846
33.000000 29.000000 0.021401
33.000000 30.000000 0.020875
33.000000 31.000000 0.020270
33.000000 32.000000 0.019589
33.000000 33.000000 0.018833
33.000000 34.000000 0.018007
33.000000 35.000000 0.017113
33.000000 36.000000 0.016155
33.000000 37.000000 0.015137
33.000000 38.000000 0.014062

34.000000 1.000000 0.003314
34.000000 2.000000 0.004543
34.000000 3.000000 0.005753
34.000000 4.000000 0.006940
34.000000 5.000000 0.008099
34.000000 6.000000 0.009225
34.000000 7.000000 0.010313
34.000000 8.000000 0.011359
34.000000 9.000000 0.012359
34.000000 10.000000 0.013310
34.000000 11.000000 0.014206
34.000000 12.000000 0.015046
34.000000 13.000000 0.015825
34.000000 14.000000 0.016541
34.000000 15.000000 0.017191
34.000000 16.000000 0.017772
34.000000 17.000000 0.018284
34.000000 18.000000 0.018723
34.000000 19.000000 0.019089
34.000000 20.000000 0.019380
34.000000 21.000000 0.019595
34.000000 22.000000 0.019734
34.000000 23.000000 0.019797
34.000000 24.000000 0.019783
34.000000 25.000000 0.019693
34.000000 26.000000 0.019527
34.000000 27.000000 0.019286
34.000000 28.000000 0.018972
34.000000 29.000000 0.018586
34.000000 30.000000 0.018129
34.000000 31.000000 0.017604
34.000000 32.000000 0.017012
34.000000 33.000000 0.016356
34.000000 34.000000 0.015638
34.000000 35.000000 0.014862
34.000000 36.000000 0.014030
34.000000 37.000000 0.013146
34.000000 38.000000 0.012212

35.000000 1.000000 0.002792
35.000000 2.000000 0.003828
35.000000 3.000000 0.004848
35.000000 4.000000 0.005848
35.000000 5.000000 0.006824
35.000000 6.000000 0.007773
35.000000 7.000000 0.008689
35.000000 8.000000 0.009571
35.000000 9.000000 0.010414
35.000000 10.000000 0.011214
35.000000 11.000000 0.011970
35.000000 12.000000 0.012677
35.000000 13.000000 0.013334
35.000000 14.000000 0.013937
35.000000 15.000000 0.014484
35.000000 16.000000 0.014975
35.000000 17.000000 0.015406
35.000000 18.000000 0.015776
35.000000 19.000000 0.016084
35.000000 20.000000 0.016329
35.000000 21.000000 0.016510
35.000000 22.000000 0.016627
35.000000 23.000000 0.016680
35.000000 24.000000 0.016668
35.000000 25.000000 0.016592
35.000000 26.000000 0.016453
35.000000 27.000000 0.016250
35.000000 28.000000 0.015986
35.000000 29.000000 0.015660
35.000000 30.000000 0.015275
35.000000 31.000000 0.014832
35.000000 32.000000 0.014334
35.000000 33.000000 0.013781
35.000000 34.000000 0.013176
35.000000 35.000000 0.012522
35.000000 36.000000 0.011821
35.000000 37.000000 0.011076
35.000000 38.000000 0.010290

36.000000 1.000000 0.002254
36.000000 2.000000 0.003090
36.000000 3.000000 0.003913
36.000000 4.000000 0.004720
36.000000 5.000000 0.005509
36.000000 6.000000 0.006274
36.000000 7.000000 0.007014
36.000000 8.000000 0.007726
36.000000 9.000000 0.008406
36.000000 10.000000 0.009052
36.000000 11.000000 0.009662
36.000000 12.000000 0.010233
36.000000 13.000000 0.010763
36.000000 14.000000 0.011250
36.000000 15.000000 0.011692
36.000000 16.000000 0.012088
36.000000 17.000000 0.012436
36.000000 18.000000 0.012734
36.000000 19.000000 0.012983
36.000000 20.000000 0.013181
36.000000 21.000000 0.013327
36.000000 22.000000 0.013422
36.000000 23.000000 0.013464
36.000000 24.000000 0.013455
36.000000 25.000000 0.013394
36.000000 26.000000 0.013281
36.000000 27.000000 0.013117
36.000000 28.000000 0.012904
36.000000 29.000000 0.012641
36.000000 30.000000 0.012330
36.000000 31.000000 0.011973
36.000000 32.000000 0.011570
36.000000 33.000000 0.011124
36.000000 34.000000 0.010636
36.000000 35.000000 0.010108
36.000000 36.000000 0.009542
36.000000 37.000000 0.008941
36.000000 38.000000 0.008306

37.000000 1.000000 0.001702
37.000000 2.000000 0.002334
37.000000 3.000000 0.002955
37.000000 4.000000 0.003565
37.000000 5.000000 0.004160
37.000000 6.000000 0.004738
37.000000 7.000000 0.005297
37.000000 8.000000 0.005835
37.000000 9.000000 0.006349
37.000000 10.000000 0.006837
37.000000 11.000000 0.007297
37.000000 12.000000 0.007728
37.000000 13.000000 0.008129
37.000000 14.000000 0.008496
37.000000 15.000000 0.008830
37.000000 16.000000 0.009129
37.000000 17.000000 0.009392
37.000000 18.000000 0.009617
37.000000 19.000000 0.009805
37.000000 20.000000 0.009955
37.000000 21.000000 0.010065
37.000000 22.000000 0.010137
37.000000 23.000000 0.010169
37.000000 24.000000 0.010162
37.000000 25.000000 0.010115
37.000000 26.000000 0.010030
37.000000 27.000000 0.009907
37.000000 28.000000 0.009745
37.000000 29.000000 0.009547
37.000000 30.000000 0.009312
37.000000 31.000000 0.009042
37.000000 32.000000 0.008738
37.000000 33.000000 0.008401
37.000000 34.000000 0.008033
37.000000 35.000000 0.007634
37.000000 36.000000 0.007207
37.000000 37.000000 0.006753
37.000000 38.000000 0.006273

38.000000 1.000000 0.001140
38.000000 2.000000 0.001563
38.000000 3.000000 0.001980
38.000000 4.000000 0.002389
38.000000 5.000000 0.002787
38.000000 6.000000 0.003175
38.000000 7.000000 0.003549
38.000000 8.000000 0.003909
38.000000 9.000000 0.004253
38.000000 10.000000 0.004580
38.000000 11.000000 0.004889
38.000000 12.000000 0.005178
38.000000 13.000000 0.005446
38.000000 14.000000 0.005692
38.000000 15.000000 0.005916
38.000000 16.000000 0.006116
38.000000 17.000000 0.006292
38.000000 18.000000 0.006443
38.000000 19.000000 0.006569
38.000000 20.000000 0.006669
38.000000 21.000000 0.006744
38.000000 22.000000 0.006791
38.000000 23.000000 0.006813
38.000000 24.000000 0.006808
38.000000 25.000000 0.006777
38.000000 26.000000 0.006720
38.000000 27.000000 0.006637
38.000000 28.000000 0.006529
38.000000 29.000000 0.006396
38.000000 30.000000 0.006239
38.000000 31.000000 0.006058
38.000000 32.000000 0.005855
38.000000 33.000000 0.005629
38.000000 34.000000 0.005382
38.000000 35.000000 0.005115
38.000000 36.000000 0.004828
38.000000 37.000000 0.004524
38.000000 38.000000 0.004203

