1.000000 1.000000 27.240237
1.000000 2.000000 31.582233
1.000000 3.000000 33.783707
1.000000 4.000000 35.073199
1.000000 5.000000 35.913343
1.000000 6.000000 36.503481
1.000000 7.000000 36.940624
1.000000 8.000000 37.277038
1.000000 9.000000 37.543260
1.000000 10.000000 37.758311
1.000000 11.000000 37.934645
1.000000 12.000000 38.080750
1.000000 13.000000 38.202593
1.000000 14.000000 38.304477
1.000000 15.000000 38.389564
1.000000 16.000000 38.460208
1.000000 17.000000 38.518177
1.000000 18.000000 38.564793
1.000000 19.000000 38.601040
1.000000 20.000000 38.627620
1.000000 21.000000 38.645008
1.000000 22.000000 38.653472
1.000000 23.000000 38.653085
1.000000 24.000000 38.643733
1.000000 25.000000 38.625094
1.000000 26.000000 38.596614
1.000000 27.000000 38.557456
1.000000 28.000000 38.506430
1.000000 29.000000 38.441866
1.000000 30.000000 38.361437
1.000000 31.000000 38.261861
1.000000 32.000000 38.138407
1.000000 33.000000 37.984041
1.000000 34.000000 37.787837
1.000000 35.000000 37.531811
1.000000 36.000000 37.184007
1.000000 37.000000 36.681740
1.000000 38.000000 35.886068

2.000000 1.000000 20.353595
2.000000 2.000000 25.305026
2.000000 3.000000 28.479444
2.000000 4.000000 30.595807
2.000000 5.000000 32.076761
2.000000 6.000000 33.160034
2.000000 7.000000 33.982066
2.000000 8.000000 34.624363
2.000000 9.000000 35.137796
2.000000 10.000000 35.555451
2.000000 11.000000 35.899641
2.000000 12.000000 36.185889
2.000000 13.000000 36.425280
2.000000 14.000000 36.625892
2.000000 15.000000 36.793717
2.000000 16.000000 36.933244
2.000000 17.000000 37.047861
2.000000 18.000000 37.140118
2.000000 19.000000 37.211909
2.000000 20.000000 37.264600
2.000000 21.000000 37.299110
2.000000 22.000000 37.315962
2.000000 23.000000 37.315307
2.000000 24.000000 37.296924
2.000000 25.000000 37.260199
2.000000 26.000000 37.204073
2.000000 27.000000 37.126949
2.000000 28.000000 37.026561
2.000000 29.000000 36.899757
2.000000 30.000000 36.742179
2.000000 31.000000 36.547752
2.000000 32.000000 36.307874
2.000000 33.000000 36.010063
2.000000 34.000000 35.635633
2.000000 35.000000 35.155530
2.000000 36.000000 34.522600
2.000000 37.000000 33.657001
2.000000 38.000000 32.419698

3.000000 1.000000 16.148177
3.000000 2.000000 20.804910
3.000000 3.000000 24.233332
3.000000 4.000000 26.753941
3.000000 5.000000 28.637996
3.000000 6.000000 30.077985
3.000000 7.000000 31.203417
3.000000 8.000000 32.100745
3.000000 9.000000 32.828321
3.000000 10.000000 33.426281
3.000000 11.000000 33.922819
3.000000 12.000000 34.338143
3.000000 13.000000 34.687013
3.000000 14.000000 34.980376
3.000000 15.000000 35.226459
3.000000 16.000000 35.431494
3.000000 17.000000 35.600219
3.000000 18.000000 35.736227
3.000000 19.000000 35.842204
3.000000 20.000000 35.920092
3.000000 21.000000 35.971206
3.000000 22.000000 35.996299
3.000000 23.000000 35.995595
3.000000 24.000000 35.968796
3.000000 25.000000 35.915046
3.000000 26.000000 35.832865
3.000000 27.000000 35.720038
3.000000 28.000000 35.573434
3.000000 29.000000 35.388743
3.000000 30.000000 35.160082
3.000000 31.000000 34.879400
3.000000 32.000000 34.535569
3.000000 33.000000 34.112985
3.000000 34.000000 33.589371
3.000000 35.000000 32.932334
3.000000 36.000000 32.094103
3.000000 37.000000 31.004193
3.000000 38.000000 29.561908

4.000000 1.000000 13.341675
4.000000 2.000000 17.533217
4.000000 3.000000 20.895181
4.000000 4.000000 23.548802
4.000000 5.000000 25.643503
4.000000 6.000000 27.310724
4.000000 7.000000 28.653134
4.000000 8.000000 29.747165
4.000000 9.000000 30.648772
4.000000 10.000000 31.398872
4.000000 11.000000 32.027570
4.000000 12.000000 32.557233
4.000000 13.000000 33.004654
4.000000 14.000000 33.382562
4.000000 15.000000 33.700687
4.000000 16.000000 33.966504
4.000000 17.000000 34.185759
4.000000 18.000000 34.362846
4.000000 19.000000 34.501074
4.000000 20.000000 34.602854
4.000000 21.000000 34.669825
4.000000 22.000000 34.702936
4.000000 23.000000 34.702486
4.000000 24.000000 34.668126
4.000000 25.000000 34.598827
4.000000 26.000000 34.492806
4.000000 27.000000 34.347401
4.000000 28.000000 34.158883
4.000000 29.000000 33.922178
4.000000 30.000000 33.630474
4.000000 31.000000 33.274649
4.000000 32.000000 32.842455
4.000000 33.000000 32.317361
4.000000 34.000000 31.676938
4.000000 35.000000 30.890714
4.000000 36.000000 29.917650
4.000000 37.000000 28.704100
4.000000 38.000000 27.184963

5.000000 1.000000 11.346870
5.000000 2.000000 15.091256
5.000000 3.000000 18.265563
5.000000 4.000000 20.902816
5.000000 5.000000 23.076759
5.000000 6.000000 24.868582
5.000000 7.000000 26.351576
5.000000 8.000000 27.586388
5.000000 9.000000 28.621145
5.000000 10.000000 29.493310
5.000000 11.000000 30.231832
5.000000 12.000000 30.859071
5.000000 13.000000 31.392338
5.000000 14.000000 31.845085
5.000000 15.000000 32.227802
5.000000 16.000000 32.548675
5.000000 17.000000 32.814083
5.000000 18.000000 33.028955
5.000000 19.000000 33.197037
5.000000 20.000000 33.321079
5.000000 21.000000 33.402966
5.000000 22.000000 33.443803
5.000000 23.000000 33.443958
5.000000 24.000000 33.403066
5.000000 25.000000 33.320000
5.000000 26.000000 33.192795
5.000000 27.000000 33.018534
5.000000 28.000000 32.793163
5.000000 29.000000 32.511245
5.000000 30.000000 32.165606
5.000000 31.000000 31.746869
5.000000 32.000000 31.242822
5.000000 33.000000 30.637625
5.000000 34.000000 29.910841
5.000000 35.000000 29.036444
5.000000 36.000000 27.982162
5.000000 37.000000 26.710043
5.000000 38.000000 25.179982

6.000000 1.000000 9.862894
6.000000 2.000000 13.219559
6.000000 3.000000 16.173237
6.000000 4.000000 18.720426
6.000000 5.000000 20.892470
6.000000 6.000000 22.735651
6.000000 7.000000 24.298628
6.000000 8.000000 25.626137
6.000000 9.000000 26.756624
6.000000 10.000000 27.721942
6.000000 11.000000 28.547968
6.000000 12.000000 29.255506
6.000000 13.000000 29.861199
6.000000 14.000000 30.378329
6.000000 15.000000 30.817476
6.000000 16.000000 31.187052
6.000000 17.000000 31.493705
6.000000 18.000000 31.742637
6.000000 19.000000 31.937839
6.000000 20.000000 32.082271
6.000000 21.000000 32.177979
6.000000 22.000000 32.226181
6.000000 23.000000 32.227308
6.000000 24.000000 32.181012
6.000000 25.000000 32.086139
6.000000 26.000000 31.940663
6.000000 27.000000 31.741589
6.000000 28.000000 31.484792
6.000000 29.000000 31.164817
6.000000 30.000000 30.774604
6.000000 31.000000 30.305142
6.000000 32.000000 29.745061
6.000000 33.000000 29.080167
6.000000 34.000000 28.293018
6.000000 35.000000 27.362690
6.000000 36.000000 26.265105
6.000000 37.000000 24.974487
6.000000 38.000000 23.466784

7.000000 1.000000 8.720999
7.000000 2.000000 11.751074
7.000000 3.000000 14.487682
7.000000 4.000000 16.913522
7.000000 5.000000 19.037442
7.000000 6.000000 20.883375
7.000000 7.000000 22.481653
7.000000 8.000000 23.863468
7.000000 9.000000 25.057878
7.000000 10.000000 26.090520
7.000000 11.000000 26.983290
7.000000 12.000000 27.754528
7.000000 13.000000 28.419405
7.000000 14.000000 28.990370
7.000000 15.000000 29.477572
7.000000 16.000000 29.889232
7.000000 17.000000 30.231955
7.000000 18.000000 30.510975
7.000000 19.000000 30.730359
7.000000 20.000000 30.893148
7.000000 21.000000 31.001471
7.000000 22.000000 31.056616
7.000000 23.000000 31.059068
7.000000 24.000000 31.008523
7.000000 25.000000 30.903862
7.000000 26.000000 30.743106
7.000000 27.000000 30.523331
7.000000 28.000000 30.240549
7.000000 29.000000 29.889559
7.000000 30.000000 29.463757
7.000000 31.000000 28.954917
7.000000 32.000000 28.352965
7.000000 33.000000 27.645788
7.000000 34.000000 26.819160
7.000000 35.000000 25.856941
7.000000 36.000000 24.741786
7.000000 37.000000 23.456679
7.000000 38.000000 21.987590

8.000000 1.000000 7.819592
8.000000 2.000000 10.576312
8.000000 3.000000 13.113218
8.000000 4.000000 15.408930
8.000000 5.000000 17.460860
8.000000 6.000000 19.279275
8.000000 7.000000 20.881726
8.000000 8.000000 22.288845
8.000000 9.000000 23.521601
8.000000 10.000000 24.599724
8.000000 11.000000 25.540951
8.000000 12.000000 26.360765
8.000000 13.000000 27.072422
8.000000 14.000000 27.687115
8.000000 15.000000 28.214187
8.000000 16.000000 28.661362
8.000000 17.000000 29.034948
8.000000 18.000000 29.340019
8.000000 19.000000 29.580563
8.000000 20.000000 29.759599
8.000000 21.000000 29.879263
8.000000 22.000000 29.940873
8.000000 23.000000 29.944961
8.000000 24.000000 29.891283
8.000000 25.000000 29.778811
8.000000 26.000000 29.605691
8.000000 27.000000 29.369188
8.000000 28.000000 29.065606
8.000000 29.000000 28.690185
8.000000 30.000000 28.236995
8.000000 31.000000 27.698820
8.000000 32.000000 27.067077
8.000000 33.000000 26.331805
8.000000 34.000000 25.481797
8.000000 35.000000 24.504988
8.000000 36.000000 23.389232
8.000000 37.000000 22.123612
8.000000 38.000000 20.700342

9.000000 1.000000 7.094022
9.000000 2.000000 9.621652
9.000000 3.000000 11.980314
9.000000 4.000000 14.148559
9.000000 5.000000 16.118308
9.000000 6.000000 17.891725
9.000000 7.000000 19.477785
9.000000 8.000000 20.889310
9.000000 9.000000 22.140743
9.000000 10.000000 23.246672
9.000000 11.000000 24.220929
9.000000 12.000000 25.076118
9.000000 13.000000 25.823415
9.000000 14.000000 26.472537
9.000000 15.000000 27.031799
9.000000 16.000000 27.508218
9.000000 17.000000 27.907628
9.000000 18.000000 28.234792
9.000000 19.000000 28.493503
9.000000 20.000000 28.686667
9.000000 21.000000 28.816370
9.000000 22.000000 28.883924
9.000000 23.000000 28.889895
9.000000 24.000000 28.834116
9.000000 25.000000 28.715681
9.000000 26.000000 28.532922
9.000000 27.000000 28.283374
9.000000 28.000000 27.963730
9.000000 29.000000 27.569786
9.000000 30.000000 27.096395
9.000000 31.000000 26.537434
9.000000 32.000000 25.885824
9.000000 33.000000 25.133621
9.000000 34.000000 24.272252
9.000000 35.000000 23.292949
9.000000 36.000000 22.187456
9.000000 37.000000 20.949053
9.000000 38.000000 19.573869

10.000000 1.000000 6.501312
10.000000 2.000000 8.836278
10.000000 3.000000 11.038231
10.000000 4.000000 13.087171
10.000000 5.000000 14.972656
10.000000 6.000000 16.692179
10.000000 7.000000 18.249106
10.000000 8.000000 19.650663
10.000000 9.000000 20.906258
10.000000 10.000000 22.026229
10.000000 11.000000 23.020977
10.000000 12.000000 23.900424
10.000000 13.000000 24.673700
10.000000 14.000000 25.348987
10.000000 15.000000 25.933469
10.000000 16.000000 26.433341
10.000000 17.000000 26.853849
10.000000 18.000000 27.199345
10.000000 19.000000 27.473344
10.000000 20.000000 27.678574
10.000000 21.000000 27.817020
10.000000 22.000000 27.889962
10.000000 23.000000 27.897989
10.000000 24.000000 27.841016
10.000000 25.000000 27.718281
10.000000 26.000000 27.528337
10.000000 27.000000 27.269035
10.000000 28.000000 26.937512
10.000000 29.000000 26.530166
10.000000 30.000000 26.042663
10.000000 31.000000 25.469962
10.000000 32.000000 24.806385
10.000000 33.000000 24.045777
10.000000 34.000000 23.181765
10.000000 35.000000 22.208169
10.000000 36.000000 21.119600
10.000000 37.000000 19.912220
10.000000 38.000000 18.584644

11.000000 1.000000 6.011880
11.000000 2.000000 8.184267
11.000000 3.000000 10.249598
11.000000 4.000000 12.189771
11.000000 5.000000 13.993584
11.000000 6.000000 15.655933
11.000000 7.000000 17.176586
11.000000 8.000000 18.558848
11.000000 9.000000 19.808346
11.000000 10.000000 20.932029
11.000000 11.000000 21.937415
11.000000 12.000000 22.832057
11.000000 13.000000 23.623190
11.000000 14.000000 24.317514
11.000000 15.000000 24.921072
11.000000 16.000000 25.439197
11.000000 17.000000 25.876492
11.000000 18.000000 26.236842
11.000000 19.000000 26.523429
11.000000 20.000000 26.738762
11.000000 21.000000 26.884693
11.000000 22.000000 26.962445
11.000000 23.000000 26.972620
11.000000 24.000000 26.915215
11.000000 25.000000 26.789621
11.000000 26.000000 26.594627
11.000000 27.000000 26.328422
11.000000 28.000000 25.988595
11.000000 29.000000 25.572152
11.000000 30.000000 25.075547
11.000000 31.000000 24.494739
11.000000 32.000000 23.825308
11.000000 33.000000 23.062618
11.000000 34.000000 22.202084
11.000000 35.000000 21.239528
11.000000 36.000000 20.171653
11.000000 37.000000 18.996612
11.000000 38.000000 17.714613

12.000000 1.000000 5.604787
12.000000 2.000000 7.639684
12.000000 3.000000 9.586595
12.000000 4.000000 11.429301
12.000000 5.000000 13.156641
12.000000 6.000000 14.762142
12.000000 7.000000 16.243305
12.000000 8.000000 17.600732
12.000000 9.000000 18.837265
12.000000 10.000000 19.957222
12.000000 11.000000 20.965769
12.000000 12.000000 21.868441
12.000000 13.000000 22.670797
12.000000 14.000000 23.378174
12.000000 15.000000 23.995532
12.000000 16.000000 24.527355
12.000000 17.000000 24.977598
12.000000 18.000000 25.349655
12.000000 19.000000 25.646356
12.000000 20.000000 25.869963
12.000000 21.000000 26.022176
12.000000 22.000000 26.104148
12.000000 23.000000 26.116484
12.000000 24.000000 26.059255
12.000000 25.000000 25.932007
12.000000 26.000000 25.733763
12.000000 27.000000 25.463044
12.000000 28.000000 25.117884
12.000000 29.000000 24.695861
12.000000 30.000000 24.194154
12.000000 31.000000 23.609620
12.000000 32.000000 22.938919
12.000000 33.000000 22.178679
12.000000 34.000000 21.325742
12.000000 35.000000 20.377457
12.000000 36.000000 19.332056
12.000000 37.000000 18.189068
12.000000 38.000000 16.949736

13.000000 1.000000 5.264884
13.000000 2.000000 7.183483
13.000000 3.000000 9.028298
13.000000 4.000000 10.784804
13.000000 5.000000 12.442245
13.000000 6.000000 13.993498
13.000000 7.000000 15.434663
13.000000 8.000000 16.764504
13.000000 9.000000 17.983845
13.000000 10.000000 19.094993
13.000000 11.000000 20.101244
13.000000 12.000000 21.006464
13.000000 13.000000 21.814774
13.000000 14.000000 22.530308
13.000000 15.000000 23.157040
13.000000 16.000000 23.698661
13.000000 17.000000 24.158502
13.000000 18.000000 24.539479
13.000000 19.000000 24.844065
13.000000 20.000000 25.074271
13.000000 21.000000 25.231638
13.000000 22.000000 25.317237
13.000000 23.000000 25.331669
13.000000 24.000000 25.275073
13.000000 25.000000 25.147138
13.000000 26.000000 24.947113
13.000000 27.000000 24.673827
13.000000 28.000000 24.325726
13.000000 29.000000 23.900912
13.000000 30.000000 23.397206
13.000000 31.000000 22.812243
13.000000 32.000000 22.143589
13.000000 33.000000 21.388903
13.000000 34.000000 20.546148
13.000000 35.000000 19.613832
13.000000 36.000000 18.591304
13.000000 37.000000 17.479048
13.000000 38.000000 16.278980

14.000000 1.000000 4.981017
14.000000 2.000000 6.801484
14.000000 3.000000 8.558842
14.000000 4.000000 10.240012
14.000000 5.000000 11.834783
14.000000 6.000000 13.335791
14.000000 7.000000 14.738295
14.000000 8.000000 16.039825
14.000000 9.000000 17.239757
14.000000 10.000000 18.338892
14.000000 11.000000 19.339063
14.000000 12.000000 20.242788
14.000000 13.000000 21.052993
14.000000 14.000000 21.772779
14.000000 15.000000 22.405255
14.000000 16.000000 22.953398
14.000000 17.000000 23.419970
14.000000 18.000000 23.807437
14.000000 19.000000 24.117933
14.000000 20.000000 24.353227
14.000000 21.000000 24.514699
14.000000 22.000000 24.603337
14.000000 23.000000 24.619732
14.000000 24.000000 24.564084
14.000000 25.000000 24.436207
14.000000 26.000000 24.235554
14.000000 27.000000 23.961237
14.000000 28.000000 23.612066
14.000000 29.000000 23.186602
14.000000 30.000000 22.683223
14.000000 31.000000 22.100216
14.000000 32.000000 21.435893
14.000000 33.000000 20.688740
14.000000 34.000000 19.857589
14.000000 35.000000 18.941825
14.000000 36.000000 17.941604
14.000000 37.000000 16.858081
14.000000 38.000000 15.693609

15.000000 1.000000 4.744883
15.000000 2.000000 6.483032
15.000000 3.000000 8.166126
15.000000 4.000000 9.782287
15.000000 5.000000 11.321864
15.000000 6.000000 12.777475
15.000000 7.000000 14.143897
15.000000 8.000000 15.417840
15.000000 9.000000 16.597659
15.000000 10.000000 17.683042
15.000000 11.000000 18.674700
15.000000 12.000000 19.574089
15.000000 13.000000 20.383162
15.000000 14.000000 21.104165
15.000000 15.000000 21.739468
15.000000 16.000000 22.291434
15.000000 17.000000 22.762318
15.000000 18.000000 23.154186
15.000000 19.000000 23.468864
15.000000 20.000000 23.707892
15.000000 21.000000 23.872504
15.000000 22.000000 23.963607
15.000000 23.000000 23.981776
15.000000 24.000000 23.927258
15.000000 25.000000 23.799981
15.000000 26.000000 23.599573
15.000000 27.000000 23.325392
15.000000 28.000000 22.976562
15.000000 29.000000 22.552035
15.000000 30.000000 22.050652
15.000000 31.000000 21.471237
15.000000 32.000000 20.812704
15.000000 33.000000 20.074186
15.000000 34.000000 19.255186
15.000000 35.000000 18.355740
15.000000 36.000000 17.376593
15.000000 37.000000 16.319362
15.000000 38.000000 15.186684

16.000000 1.000000 4.550261
16.000000 2.000000 6.220088
16.000000 3.000000 7.840917
16.000000 4.000000 9.401840
16.000000 5.000000 10.893720
16.000000 6.000000 12.309271
16.000000 7.000000 13.643008
16.000000 8.000000 14.891114
16.000000 9.000000 16.051235
16.000000 10.000000 17.122249
16.000000 11.000000 18.104031
16.000000 12.000000 18.997215
16.000000 13.000000 19.802990
16.000000 14.000000 20.522912
16.000000 15.000000 21.158746
16.000000 16.000000 21.712342
16.000000 17.000000 22.185524
16.000000 18.000000 22.580015
16.000000 19.000000 22.897371
16.000000 20.000000 23.138933
16.000000 21.000000 23.305802
16.000000 22.000000 23.398808
16.000000 23.000000 23.418512
16.000000 24.000000 23.365198
16.000000 25.000000 23.238886
16.000000 26.000000 23.039352
16.000000 27.000000 22.766157
16.000000 28.000000 22.418689
16.000000 29.000000 21.996218
16.000000 30.000000 21.497962
16.000000 31.000000 20.923173
16.000000 32.000000 20.271237
16.000000 33.000000 19.541786
16.000000 34.000000 18.734827
16.000000 35.000000 17.850877
16.000000 36.000000 16.891100
16.000000 37.000000 15.857434
16.000000 38.000000 14.752696

17.000000 1.000000 4.392501
17.000000 2.000000 6.006607
17.000000 3.000000 7.576207
17.000000 4.000000 9.091148
17.000000 5.000000 10.542737
17.000000 6.000000 11.923827
17.000000 7.000000 13.228813
17.000000 8.000000 14.453544
17.000000 9.000000 15.595190
17.000000 10.000000 16.652061
17.000000 11.000000 17.623424
17.000000 12.000000 18.509304
17.000000 13.000000 19.310308
17.000000 14.000000 20.027457
17.000000 15.000000 20.662044
17.000000 16.000000 21.215504
17.000000 17.000000 21.689317
17.000000 18.000000 22.084923
17.000000 19.000000 22.403654
17.000000 20.000000 22.646685
17.000000 21.000000 22.815001
17.000000 22.000000 22.909370
17.000000 23.000000 22.930333
17.000000 24.000000 22.878203
17.000000 25.000000 22.753072
17.000000 26.000000 22.554835
17.000000 27.000000 22.283215
17.000000 28.000000 21.937808
17.000000 29.000000 21.518135
17.000000 30.000000 21.023707
17.000000 31.000000 20.454106
17.000000 32.000000 19.809075
17.000000 33.000000 19.088616
17.000000 34.000000 18.293106
17.000000 35.000000 17.423407
17.000000 36.000000 16.480976
17.000000 37.000000 15.467964
17.000000 38.000000 14.387300

18.000000 1.000000 4.268171
18.000000 2.000000 5.838108
18.000000 3.000000 7.366759
18.000000 4.000000 8.844537
18.000000 5.000000 10.263104
18.000000 6.000000 11.615459
18.000000 7.000000 12.895955
18.000000 8.000000 14.100254
18.000000 9.000000 15.225220
18.000000 10.000000 16.268785
18.000000 11.000000 17.229798
18.000000 12.000000 18.107857
18.000000 13.000000 18.903152
18.000000 14.000000 19.616315
18.000000 15.000000 20.248287
18.000000 16.000000 20.800195
18.000000 17.000000 21.273258
18.000000 18.000000 21.668694
18.000000 19.000000 21.987665
18.000000 20.000000 22.231214
18.000000 21.000000 22.400234
18.000000 22.000000 22.495441
18.000000 23.000000 22.517359
18.000000 24.000000 22.466320
18.000000 25.000000 22.342469
18.000000 26.000000 22.145790
18.000000 27.000000 21.876125
18.000000 28.000000 21.533227
18.000000 29.000000 21.116800
18.000000 30.000000 20.626572
18.000000 31.000000 20.062362
18.000000 32.000000 19.424168
18.000000 33.000000 18.712255
18.000000 34.000000 17.927257
18.000000 35.000000 17.070269
18.000000 36.000000 16.142942
18.000000 37.000000 15.147565
18.000000 38.000000 14.087123

19.000000 1.000000 4.174821
19.000000 2.000000 5.711380
19.000000 3.000000 7.208797
19.000000 4.000000 8.657879
19.000000 5.000000 10.050548
19.000000 6.000000 11.379933
19.000000 7.000000 12.640398
19.000000 8.000000 13.827513
19.000000 9.000000 14.937973
19.000000 10.000000 15.969487
19.000000 11.000000 16.920649
19.000000 12.000000 17.790787
19.000000 13.000000 18.579825
19.000000 14.000000 19.288141
19.000000 15.000000 19.916441
19.000000 16.000000 20.465646
19.000000 17.000000 20.936793
19.000000 18.000000 21.330951
19.000000 19.000000 21.649158
19.000000 20.000000 21.892366
19.000000 21.000000 22.061400
19.000000 22.000000 22.156938
19.000000 23.000000 22.179488
19.000000 24.000000 22.129393
19.000000 25.000000 22.006835
19.000000 26.000000 21.811851
19.000000 27.000000 21.544368
19.000000 28.000000 21.204239
19.000000 29.000000 20.791292
19.000000 30.000000 20.305395
19.000000 31.000000 19.746523
19.000000 32.000000 19.114837
19.000000 33.000000 18.410768
19.000000 34.000000 17.635108
19.000000 35.000000 16.789096
19.000000 36.000000 15.874495
19.000000 37.000000 14.893669
19.000000 38.000000 13.849626

20.000000 1.000000 4.110825
20.000000 2.000000 5.624284
20.000000 3.000000 7.099789
20.000000 4.000000 8.528381
20.000000 5.000000 9.902147
20.000000 6.000000 11.214320
20.000000 7.000000 12.459304
20.000000 8.000000 13.632653
20.000000 9.000000 14.731005
20.000000 10.000000 15.751980
20.000000 11.000000 16.694059
20.000000 12.000000 17.556446
20.000000 13.000000 18.338935
20.000000 14.000000 19.041776
20.000000 15.000000 19.665557
20.000000 16.000000 20.211087
20.000000 17.000000 20.679304
20.000000 18.000000 21.071196
20.000000 19.000000 21.387730
20.000000 20.000000 21.629803
20.000000 21.000000 21.798202
20.000000 22.000000 21.893577
20.000000 23.000000 21.916427
20.000000 24.000000 21.867097
20.000000 25.000000 21.745783
20.000000 26.000000 21.552553
20.000000 27.000000 21.287375
20.000000 28.000000 20.950153
20.000000 29.000000 20.540778
20.000000 30.000000 20.059189
20.000000 31.000000 19.505437
20.000000 32.000000 18.879762
20.000000 33.000000 18.182675
20.000000 34.000000 17.415038
20.000000 35.000000 16.578151
20.000000 36.000000 15.673824
20.000000 37.000000 14.704440
20.000000 38.000000 13.673007

21.000000 1.000000 4.075287
21.000000 2.000000 5.575633
21.000000 3.000000 7.038317
21.000000 4.000000 8.454457
21.000000 5.000000 9.816216
21.000000 6.000000 11.116895
21.000000 7.000000 12.350960
21.000000 8.000000 13.514018
21.000000 9.000000 14.602752
21.000000 10.000000 15.614813
21.000000 11.000000 16.548702
21.000000 12.000000 17.403636
21.000000 13.000000 18.179411
21.000000 14.000000 18.876272
21.000000 15.000000 19.494795
21.000000 16.000000 20.035775
21.000000 17.000000 20.500135
21.000000 18.000000 20.888843
21.000000 19.000000 21.202849
21.000000 20.000000 21.443035
21.000000 21.000000 21.610174
21.000000 22.000000 21.704905
21.000000 23.000000 21.727720
21.000000 24.000000 21.678957
21.000000 25.000000 21.558812
21.000000 26.000000 21.367353
21.000000 27.000000 21.104550
21.000000 28.000000 20.770310
21.000000 29.000000 20.364529
21.000000 30.000000 19.887148
21.000000 31.000000 19.338220
21.000000 32.000000 18.717982
21.000000 33.000000 18.026940
21.000000 34.000000 17.265949
21.000000 35.000000 16.436293
21.000000 36.000000 15.539763
21.000000 37.000000 14.578718
21.000000 38.000000 13.556138

22.000000 1.000000 4.067993
22.000000 2.000000 5.565133
22.000000 3.000000 7.024008
22.000000 4.000000 8.435661
22.000000 5.000000 9.792238
22.000000 6.000000 11.087078
22.000000 7.000000 12.314734
22.000000 8.000000 13.470935
22.000000 9.000000 14.552507
22.000000 10.000000 15.557256
22.000000 11.000000 16.483837
22.000000 12.000000 17.331614
22.000000 13.000000 18.100514
22.000000 14.000000 18.790899
22.000000 15.000000 19.403441
22.000000 16.000000 19.939015
22.000000 17.000000 20.398606
22.000000 18.000000 20.783228
22.000000 19.000000 21.093868
22.000000 20.000000 21.331428
22.000000 21.000000 21.496693
22.000000 22.000000 21.590306
22.000000 23.000000 21.612754
22.000000 24.000000 21.564364
22.000000 25.000000 21.445312
22.000000 26.000000 21.255639
22.000000 27.000000 20.995278
22.000000 28.000000 20.664092
22.000000 29.000000 20.261924
22.000000 30.000000 19.788650
22.000000 31.000000 19.244250
22.000000 32.000000 18.628880
22.000000 33.000000 17.942959
22.000000 34.000000 17.187251
22.000000 35.000000 16.362950
22.000000 36.000000 15.471765
22.000000 37.000000 14.515985
22.000000 38.000000 13.498534

23.000000 1.000000 4.089409
23.000000 2.000000 5.593381
23.000000 3.000000 7.057535
23.000000 4.000000 8.472681
23.000000 5.000000 9.830861
23.000000 6.000000 11.125431
23.000000 7.000000 12.351065
23.000000 8.000000 13.503695
23.000000 9.000000 14.580406
23.000000 10.000000 15.579291
23.000000 11.000000 16.499299
23.000000 12.000000 17.340081
23.000000 13.000000 18.101831
23.000000 14.000000 18.785146
23.000000 15.000000 19.390903
23.000000 16.000000 19.920151
23.000000 17.000000 20.374014
23.000000 18.000000 20.753616
23.000000 19.000000 21.060028
23.000000 20.000000 21.294209
23.000000 21.000000 21.456983
23.000000 22.000000 21.549009
23.000000 23.000000 21.570772
23.000000 24.000000 21.522580
23.000000 25.000000 21.404573
23.000000 26.000000 21.216735
23.000000 27.000000 20.958928
23.000000 28.000000 20.630923
23.000000 29.000000 20.232450
23.000000 30.000000 19.763255
23.000000 31.000000 19.223169
23.000000 32.000000 18.612187
23.000000 33.000000 17.930553
23.000000 34.000000 17.178854
23.000000 35.000000 16.358118
23.000000 36.000000 15.469898
23.000000 37.000000 14.516362
23.000000 38.000000 13.500350

24.000000 1.000000 4.140731
24.000000 2.000000 5.661923
24.000000 3.000000 7.140674
24.000000 4.000000 8.567397
24.000000 5.000000 9.933946
24.000000 6.000000 11.233689
24.000000 7.000000 12.461483
24.000000 8.000000 13.613572
24.000000 9.000000 14.687433
24.000000 10.000000 15.681604
24.000000 11.000000 16.595487
24.000000 12.000000 17.429170
24.000000 13.000000 18.183254
24.000000 14.000000 18.858698
24.000000 15.000000 19.456696
24.000000 16.000000 19.978556
24.000000 17.000000 20.425620
24.000000 18.000000 20.799184
24.000000 19.000000 21.100445
24.000000 20.000000 21.330459
24.000000 21.000000 21.490107
24.000000 22.000000 21.580077
24.000000 23.000000 21.600856
24.000000 24.000000 21.552725
24.000000 25.000000 21.435768
24.000000 26.000000 21.249890
24.000000 27.000000 20.994842
24.000000 28.000000 20.670256
24.000000 29.000000 20.275692
24.000000 30.000000 19.810698
24.000000 31.000000 19.274877
24.000000 32.000000 18.667975
24.000000 33.000000 17.989969
24.000000 34.000000 17.241179
24.000000 35.000000 16.422368
24.000000 36.000000 15.534860
24.000000 37.000000 14.580632
24.000000 38.000000 13.562405

25.000000 1.000000 4.223975
25.000000 2.000000 5.773371
25.000000 3.000000 7.276433
25.000000 4.000000 8.722999
25.000000 5.000000 10.104668
25.000000 6.000000 11.414845
25.000000 7.000000 12.648669
25.000000 8.000000 13.802844
25.000000 9.000000 14.875425
25.000000 10.000000 15.865576
25.000000 11.000000 16.773340
25.000000 12.000000 17.599412
25.000000 13.000000 18.344951
25.000000 14.000000 19.011410
25.000000 15.000000 19.600404
25.000000 16.000000 20.113599
25.000000 17.000000 20.552622
25.000000 18.000000 20.918997
25.000000 19.000000 21.214094
25.000000 20.000000 21.439091
25.000000 21.000000 21.594948
25.000000 22.000000 21.682394
25.000000 23.000000 21.701916
25.000000 24.000000 21.653761
25.000000 25.000000 21.537942
25.000000 26.000000 21.354258
25.000000 27.000000 21.102314
25.000000 28.000000 20.781555
25.000000 29.000000 20.391314
25.000000 30.000000 19.930870
25.000000 31.000000 19.399516
25.000000 32.000000 18.796654
25.000000 33.000000 18.121892
25.000000 34.000000 17.375170
25.000000 35.000000 16.556882
25.000000 36.000000 15.668018
25.000000 37.000000 14.710288
25.000000 38.000000 13.686236

26.000000 1.000000 4.342146
26.000000 2.000000 5.931605
26.000000 3.000000 7.469263
26.000000 4.000000 8.944192
26.000000 5.000000 10.347689
26.000000 6.000000 11.673276
26.000000 7.000000 12.916534
26.000000 8.000000 14.074847
26.000000 9.000000 15.147081
26.000000 10.000000 16.133270
26.000000 11.000000 17.034309
26.000000 12.000000 17.851697
26.000000 13.000000 18.587315
26.000000 14.000000 19.243247
26.000000 15.000000 19.821642
26.000000 16.000000 20.324603
26.000000 17.000000 20.754115
26.000000 18.000000 21.111978
26.000000 19.000000 21.399771
26.000000 20.000000 21.618821
26.000000 21.000000 21.770184
26.000000 22.000000 21.854634
26.000000 23.000000 21.872660
26.000000 24.000000 21.824467
26.000000 25.000000 21.709982
26.000000 26.000000 21.528873
26.000000 27.000000 21.280562
26.000000 28.000000 20.964267
26.000000 29.000000 20.579035
26.000000 30.000000 20.123800
26.000000 31.000000 19.597461
26.000000 32.000000 18.998970
26.000000 33.000000 18.327448
26.000000 34.000000 17.582325
26.000000 35.000000 16.763493
26.000000 36.000000 15.871478
26.000000 37.000000 14.907613
26.000000 38.000000 13.874185

27.000000 1.000000 4.499480
27.000000 2.000000 6.142077
27.000000 3.000000 7.725376
27.000000 4.000000 9.237485
27.000000 5.000000 10.669402
27.000000 6.000000 12.014922
27.000000 7.000000 13.270339
27.000000 8.000000 14.434024
27.000000 9.000000 15.505978
27.000000 10.000000 16.487398
27.000000 11.000000 17.380301
27.000000 12.000000 18.187207
27.000000 13.000000 18.910898
27.000000 14.000000 19.554226
27.000000 15.000000 20.119979
27.000000 16.000000 20.610783
27.000000 17.000000 21.029032
27.000000 18.000000 21.376849
27.000000 19.000000 21.656049
27.000000 20.000000 21.868127
27.000000 21.000000 22.014244
27.000000 22.000000 22.095225
27.000000 23.000000 22.111559
27.000000 24.000000 22.063400
27.000000 25.000000 21.950577
27.000000 26.000000 21.772601
27.000000 27.000000 21.528688
27.000000 28.000000 21.217781
27.000000 29.000000 20.838584
27.000000 30.000000 20.389618
27.000000 31.000000 19.869291
27.000000 32.000000 19.275992
27.000000 33.000000 18.608217
27.000000 34.000000 17.864731
27.000000 35.000000 17.044752
27.000000 36.000000 16.148175
27.000000 37.000000 15.175796
27.000000 38.000000 14.129538

28.000000 1.000000 4.701826
28.000000 2.000000 6.412265
28.000000 3.000000 8.053210
28.000000 4.000000 9.611609
28.000000 5.000000 11.078257
28.000000 6.000000 12.447523
28.000000 7.000000 13.716826
28.000000 8.000000 14.885980
28.000000 9.000000 15.956548
28.000000 10.000000 16.931274
28.000000 11.000000 17.813603
28.000000 12.000000 18.607326
28.000000 13.000000 19.316310
28.000000 14.000000 19.944313
28.000000 15.000000 20.494861
28.000000 16.000000 20.971167
28.000000 17.000000 21.376084
28.000000 18.000000 21.712080
28.000000 19.000000 21.981229
28.000000 20.000000 22.185201
28.000000 21.000000 22.325269
28.000000 22.000000 22.402308
28.000000 23.000000 22.416802
28.000000 24.000000 22.368850
28.000000 25.000000 22.258168
28.000000 26.000000 22.084099
28.000000 27.000000 21.845621
28.000000 28.000000 21.541367
28.000000 29.000000 21.169649
28.000000 30.000000 20.728504
28.000000 31.000000 20.215751
28.000000 32.000000 19.629092
28.000000 33.000000 18.966242
28.000000 34.000000 18.225105
28.000000 35.000000 17.404013
28.000000 36.000000 16.501997
28.000000 37.000000 15.519103
28.000000 38.000000 14.456706

29.000000 1.000000 4.957209
29.000000 2.000000 6.752342
29.000000 3.000000 8.464091
29.000000 4.000000 10.078092
29.000000 5.000000 11.585200
29.000000 6.000000 12.980895
29.000000 7.000000 14.264366
29.000000 8.000000 15.437516
29.000000 9.000000 16.504046
29.000000 10.000000 17.468713
29.000000 11.000000 18.336757
29.000000 12.000000 19.113504
29.000000 13.000000 19.804093
29.000000 14.000000 20.413311
29.000000 15.000000 20.945500
29.000000 16.000000 21.404506
29.000000 17.000000 21.793668
29.000000 18.000000 22.115813
29.000000 19.000000 22.373273
29.000000 20.000000 22.567895
29.000000 21.000000 22.701058
29.000000 22.000000 22.773684
29.000000 23.000000 22.786249
29.000000 24.000000 22.738788
29.000000 25.000000 22.630899
29.000000 26.000000 22.461743
29.000000 27.000000 22.230047
29.000000 28.000000 21.934107
29.000000 29.000000 21.571802
29.000000 30.000000 21.140616
29.000000 31.000000 20.637691
29.000000 32.000000 20.059906
29.000000 33.000000 19.404015
29.000000 34.000000 18.666836
29.000000 35.000000 17.845531
29.000000 36.000000 16.937955
29.000000 37.000000 15.943090
29.000000 38.000000 14.861496

30.000000 1.000000 5.276683
30.000000 2.000000 7.176177
30.000000 3.000000 8.973193
30.000000 4.000000 10.652038
30.000000 5.000000 12.204221
30.000000 6.000000 13.627249
30.000000 7.000000 14.923077
30.000000 8.000000 16.096605
30.000000 9.000000 17.154424
30.000000 10.000000 18.103871
30.000000 11.000000 18.952382
30.000000 12.000000 19.707084
30.000000 13.000000 20.374555
30.000000 14.000000 20.960707
30.000000 15.000000 21.470744
30.000000 16.000000 21.909163
30.000000 17.000000 22.279784
30.000000 18.000000 22.585785
30.000000 19.000000 22.829741
30.000000 20.000000 23.013660
30.000000 21.000000 23.139016
30.000000 22.000000 23.206767
30.000000 23.000000 23.217374
30.000000 24.000000 23.170807
30.000000 25.000000 23.066543
30.000000 26.000000 22.903561
30.000000 27.000000 22.680332
30.000000 28.000000 22.394804
30.000000 29.000000 22.044394
30.000000 30.000000 21.625990
30.000000 31.000000 21.135968
30.000000 32.000000 20.570258
30.000000 33.000000 19.924452
30.000000 34.000000 19.194010
30.000000 35.000000 18.374569
30.000000 36.000000 17.462385
30.000000 37.000000 16.454913
30.000000 38.000000 15.351479

31.000000 1.000000 5.675672
31.000000 2.000000 7.702838
31.000000 3.000000 9.600905
31.000000 4.000000 11.353177
31.000000 5.000000 12.953017
31.000000 6.000000 14.401507
31.000000 7.000000 15.704875
31.000000 8.000000 16.872274
31.000000 9.000000 17.914122
31.000000 10.000000 18.840984
31.000000 11.000000 19.662905
31.000000 12.000000 20.389049
31.000000 13.000000 21.027551
31.000000 14.000000 21.585490
31.000000 15.000000 22.068928
31.000000 16.000000 22.482987
31.000000 17.000000 22.831932
31.000000 18.000000 23.119248
31.000000 19.000000 23.347720
31.000000 20.000000 23.519488
31.000000 21.000000 23.636095
31.000000 22.000000 23.698522
31.000000 23.000000 23.707209
31.000000 24.000000 23.662059
31.000000 25.000000 23.562435
31.000000 26.000000 23.407145
31.000000 27.000000 23.194417
31.000000 28.000000 22.921860
31.000000 29.000000 22.586431
31.000000 30.000000 22.184395
31.000000 31.000000 21.711310
31.000000 32.000000 21.162034
31.000000 33.000000 20.530804
31.000000 34.000000 19.811408
31.000000 35.000000 18.997514
31.000000 36.000000 18.083201
31.000000 37.000000 17.063728
31.000000 38.000000 15.936518

32.000000 1.000000 6.176104
32.000000 2.000000 8.358917
32.000000 3.000000 10.374815
32.000000 4.000000 12.207234
32.000000 5.000000 13.853732
32.000000 6.000000 15.321535
32.000000 7.000000 16.623366
32.000000 8.000000 17.774293
32.000000 9.000000 18.789674
32.000000 10.000000 19.683976
32.000000 11.000000 20.470205
32.000000 12.000000 21.159716
32.000000 13.000000 21.762227
32.000000 14.000000 22.285941
32.000000 15.000000 22.737707
32.000000 16.000000 23.123185
32.000000 17.000000 23.447002
32.000000 18.000000 23.712883
32.000000 19.000000 23.923758
32.000000 20.000000 24.081852
32.000000 21.000000 24.188747
32.000000 22.000000 24.245424
32.000000 23.000000 24.252292
32.000000 24.000000 24.209195
32.000000 25.000000 24.115398
32.000000 26.000000 23.969564
32.000000 27.000000 23.769711
32.000000 28.000000 23.513148
32.000000 29.000000 23.196405
32.000000 30.000000 22.815150
32.000000 31.000000 22.364105
32.000000 32.000000 21.836986
32.000000 33.000000 21.226497
32.000000 34.000000 20.524427
32.000000 35.000000 19.721947
32.000000 36.000000 18.810188
32.000000 37.000000 17.781227
32.000000 38.000000 16.629511

33.000000 1.000000 6.809972
33.000000 2.000000 9.182199
33.000000 3.000000 11.332569
33.000000 4.000000 13.247654
33.000000 5.000000 14.933657
33.000000 6.000000 16.408121
33.000000 7.000000 17.693415
33.000000 8.000000 18.812582
33.000000 9.000000 19.787093
33.000000 10.000000 20.635888
33.000000 11.000000 21.375130
33.000000 12.000000 22.018344
33.000000 13.000000 22.576712
33.000000 14.000000 23.059398
33.000000 15.000000 23.473872
33.000000 16.000000 23.826181
33.000000 17.000000 24.121181
33.000000 18.000000 24.362724
33.000000 19.000000 24.553804
33.000000 20.000000 24.696663
33.000000 21.000000 24.792877
33.000000 22.000000 24.843405
33.000000 23.000000 24.848618
33.000000 24.000000 24.808307
33.000000 25.000000 24.721669
33.000000 26.000000 24.587266
33.000000 27.000000 24.402963
33.000000 28.000000 24.165844
33.000000 29.000000 23.872097
33.000000 30.000000 23.516872
33.000000 31.000000 23.094117
33.000000 32.000000 22.596415
33.000000 33.000000 22.014833
33.000000 34.000000 21.338874
33.000000 35.000000 20.556627
33.000000 36.000000 19.655291
33.000000 37.000000 18.622336
33.000000 38.000000 17.447491

34.000000 1.000000 7.625538
34.000000 2.000000 10.227594
34.000000 3.000000 12.525932
34.000000 4.000000 14.517546
34.000000 5.000000 16.225579
34.000000 6.000000 17.684398
34.000000 7.000000 18.930176
34.000000 8.000000 19.996167
34.000000 9.000000 20.910929
34.000000 10.000000 21.698107
34.000000 11.000000 22.376886
34.000000 12.000000 22.962672
34.000000 13.000000 23.467775
34.000000 14.000000 23.902008
34.000000 15.000000 24.273181
34.000000 16.000000 24.587497
34.000000 17.000000 24.849858
34.000000 18.000000 25.064097
34.000000 19.000000 25.233159
34.000000 20.000000 25.359227
34.000000 21.000000 25.443816
34.000000 22.000000 25.487831
34.000000 23.000000 25.491602
34.000000 24.000000 25.454883
34.000000 25.000000 25.376838
34.000000 26.000000 25.255989
34.000000 27.000000 25.090139
34.000000 28.000000 24.876261
34.000000 29.000000 24.610340
34.000000 30.000000 24.287168
34.000000 31.000000 23.900094
34.000000 32.000000 23.440705
34.000000 33.000000 22.898491
34.000000 34.000000 22.260516
34.000000 35.000000 21.511254
34.000000 36.000000 20.632825
34.000000 37.000000 19.606097
34.000000 38.000000 18.413243

35.000000 1.000000 8.698789
35.000000 2.000000 11.576930
35.000000 3.000000 14.026302
35.000000 4.000000 16.071360
35.000000 5.000000 17.767112
35.000000 6.000000 19.174169
35.000000 7.000000 20.347231
35.000000 8.000000 21.331538
35.000000 9.000000 22.162957
35.000000 10.000000 22.869380
35.000000 11.000000 23.472335
35.000000 12.000000 23.988425
35.000000 13.000000 24.430490
35.000000 14.000000 24.808494
35.000000 15.000000 25.130196
35.000000 16.000000 25.401649
35.000000 17.000000 25.627562
35.000000 18.000000 25.811576
35.000000 19.000000 25.956455
35.000000 20.000000 26.064232
35.000000 21.000000 26.136301
35.000000 22.000000 26.173484
35.000000 23.000000 26.176061
35.000000 24.000000 26.143771
35.000000 25.000000 26.075793
35.000000 26.000000 25.970687
35.000000 27.000000 25.826309
35.000000 28.000000 25.639672
35.000000 29.000000 25.406762
35.000000 30.000000 25.122276
35.000000 31.000000 24.779267
35.000000 32.000000 24.368675
35.000000 33.000000 23.878730
35.000000 34.000000 23.294230
35.000000 35.000000 22.595794
35.000000 36.000000 21.759365
35.000000 37.000000 20.756646
35.000000 38.000000 19.557734

36.000000 1.000000 10.156081
36.000000 2.000000 13.355222
36.000000 3.000000 15.931223
36.000000 4.000000 17.974765
36.000000 5.000000 19.597677
36.000000 6.000000 20.898315
36.000000 7.000000 21.953469
36.000000 8.000000 22.820266
36.000000 9.000000 23.540494
36.000000 10.000000 24.144674
36.000000 11.000000 24.655238
36.000000 12.000000 25.088828
36.000000 13.000000 25.457923
36.000000 14.000000 25.771969
36.000000 15.000000 26.038177
36.000000 16.000000 26.262080
36.000000 17.000000 26.447929
36.000000 18.000000 26.598971
36.000000 19.000000 26.717652
36.000000 20.000000 26.805755
36.000000 21.000000 26.864493
36.000000 22.000000 26.894572
36.000000 23.000000 26.896218
36.000000 24.000000 26.869179
36.000000 25.000000 26.812704
36.000000 26.000000 26.725481
36.000000 27.000000 26.605549
36.000000 28.000000 26.450155
36.000000 29.000000 26.255546
36.000000 30.000000 26.016674
36.000000 31.000000 25.726766
36.000000 32.000000 25.376717
36.000000 33.000000 24.954217
36.000000 34.000000 24.442545
36.000000 35.000000 23.818956
36.000000 36.000000 23.052790
36.000000 37.000000 22.103947
36.000000 38.000000 20.923739

37.000000 1.000000 12.222872
37.000000 2.000000 15.756805
37.000000 3.000000 18.368796
37.000000 4.000000 20.299033
37.000000 5.000000 21.750786
37.000000 6.000000 22.868252
37.000000 7.000000 23.748408
37.000000 8.000000 24.455944
37.000000 9.000000 25.034491
37.000000 10.000000 25.514029
37.000000 11.000000 25.915590
37.000000 12.000000 26.254232
37.000000 13.000000 26.540936
37.000000 14.000000 26.783838
37.000000 15.000000 26.989042
37.000000 16.000000 27.161165
37.000000 17.000000 27.303718
37.000000 18.000000 27.419359
37.000000 19.000000 27.510073
37.000000 20.000000 27.577298
37.000000 21.000000 27.622008
37.000000 22.000000 27.644762
37.000000 23.000000 27.645730
37.000000 24.000000 27.624695
37.000000 25.000000 27.581031
37.000000 26.000000 27.513647
37.000000 27.000000 27.420909
37.000000 28.000000 27.300500
37.000000 29.000000 27.149228
37.000000 30.000000 26.962726
37.000000 31.000000 26.735008
37.000000 32.000000 26.457790
37.000000 33.000000 26.119435
37.000000 34.000000 25.703310
37.000000 35.000000 25.185202
37.000000 36.000000 24.529375
37.000000 37.000000 23.683061
37.000000 38.000000 22.570844

38.000000 1.000000 15.339392
38.000000 2.000000 19.080445
38.000000 3.000000 21.488268
38.000000 4.000000 23.101960
38.000000 5.000000 24.238386
38.000000 6.000000 25.075734
38.000000 7.000000 25.716227
38.000000 8.000000 26.220898
38.000000 9.000000 26.627811
38.000000 10.000000 26.961699
38.000000 11.000000 27.239221
38.000000 12.000000 27.471955
38.000000 13.000000 27.668153
38.000000 14.000000 27.833826
38.000000 15.000000 27.973422
38.000000 16.000000 28.090272
38.000000 17.000000 28.186886
38.000000 18.000000 28.265150
38.000000 19.000000 28.326468
38.000000 20.000000 28.371852
38.000000 21.000000 28.401980
38.000000 22.000000 28.417242
38.000000 23.000000 28.417751
38.000000 24.000000 28.403348
38.000000 25.000000 28.373582
38.000000 26.000000 28.327670
38.000000 27.000000 28.264434
38.000000 28.000000 28.182195
38.000000 29.000000 28.078617
38.000000 30.000000 27.950460
38.000000 31.000000 27.793205
38.000000 32.000000 27.600440
38.000000 33.000000 27.362847
38.000000 34.000000 27.066463
38.000000 35.000000 26.689552
38.000000 36.000000 26.196808
38.000000 37.000000 25.528417
38.000000 38.000000 24.580170

