1.000000 1.000000 27.076666
1.000000 2.000000 31.358036
1.000000 3.000000 33.499860
1.000000 4.000000 34.730936
1.000000 5.000000 35.514143
1.000000 6.000000 36.049064
1.000000 7.000000 36.432939
1.000000 8.000000 36.718249
1.000000 9.000000 36.935734
1.000000 10.000000 37.104605
1.000000 11.000000 37.237492
1.000000 12.000000 37.343042
1.000000 13.000000 37.427368
1.000000 14.000000 37.494903
1.000000 15.000000 37.548924
1.000000 16.000000 37.591885
1.000000 17.000000 37.625636
1.000000 18.000000 37.651574
1.000000 19.000000 37.670733
1.000000 20.000000 37.683862
1.000000 21.000000 37.691461
1.000000 22.000000 37.693813
1.000000 23.000000 37.690996
1.000000 24.000000 37.682883
1.000000 25.000000 37.669132
1.000000 26.000000 37.649153
1.000000 27.000000 37.622067
1.000000 28.000000 37.586623
1.000000 29.000000 37.541085
1.000000 30.000000 37.483048
1.000000 31.000000 37.409138
1.000000 32.000000 37.314526
1.000000 33.000000 37.192066
1.000000 34.000000 37.030711
1.000000 35.000000 36.812346
1.000000 36.000000 36.504873
1.000000 37.000000 36.045459
1.000000 38.000000 35.295000

2.000000 1.000000 20.027640
2.000000 2.000000 24.858259
2.000000 3.000000 27.913810
2.000000 4.000000 29.913762
2.000000 5.000000 31.281256
2.000000 6.000000 32.254497
2.000000 7.000000 32.970378
2.000000 8.000000 33.510836
2.000000 9.000000 33.927148
2.000000 10.000000 34.252777
2.000000 11.000000 34.510386
2.000000 12.000000 34.715818
2.000000 13.000000 34.880445
2.000000 14.000000 35.012607
2.000000 15.000000 35.118523
2.000000 16.000000 35.202883
2.000000 17.000000 35.269240
2.000000 18.000000 35.320286
2.000000 19.000000 35.358026
2.000000 20.000000 35.383909
2.000000 21.000000 35.398911
2.000000 22.000000 35.403584
2.000000 23.000000 35.398083
2.000000 24.000000 35.382170
2.000000 25.000000 35.355184
2.000000 26.000000 35.315999
2.000000 27.000000 35.262929
2.000000 28.000000 35.193592
2.000000 29.000000 35.104703
2.000000 30.000000 34.991746
2.000000 31.000000 34.848467
2.000000 32.000000 34.666064
2.000000 33.000000 34.431833
2.000000 34.000000 34.126849
2.000000 35.000000 33.721795
2.000000 36.000000 33.169237
2.000000 37.000000 32.389033
2.000000 38.000000 31.241830

3.000000 1.000000 15.662196
3.000000 2.000000 20.138805
3.000000 3.000000 23.390004
3.000000 4.000000 25.737050
3.000000 5.000000 27.451943
3.000000 6.000000 28.727877
3.000000 7.000000 29.695043
3.000000 8.000000 30.440533
3.000000 9.000000 31.023305
3.000000 10.000000 31.484058
3.000000 11.000000 31.851505
3.000000 12.000000 32.146332
3.000000 13.000000 32.383731
3.000000 14.000000 32.575035
3.000000 15.000000 32.728812
3.000000 16.000000 32.851589
3.000000 17.000000 32.948359
3.000000 18.000000 33.022920
3.000000 19.000000 33.078125
3.000000 20.000000 33.116040
3.000000 21.000000 33.138065
3.000000 22.000000 33.144996
3.000000 23.000000 33.137066
3.000000 24.000000 33.113945
3.000000 25.000000 33.074714
3.000000 26.000000 33.017791
3.000000 27.000000 32.940825
3.000000 28.000000 32.840517
3.000000 29.000000 32.712354
3.000000 30.000000 32.550221
3.000000 31.000000 32.345797
3.000000 32.000000 32.087659
3.000000 33.000000 31.759873
3.000000 34.000000 31.339801
3.000000 35.000000 30.794660
3.000000 36.000000 30.076262
3.000000 37.000000 29.113674
3.000000 38.000000 27.805726

4.000000 1.000000 12.699173
4.000000 2.000000 16.652578
4.000000 3.000000 19.780237
4.000000 4.000000 22.204395
4.000000 5.000000 24.075448
4.000000 6.000000 25.525775
4.000000 7.000000 26.658942
4.000000 8.000000 27.552228
4.000000 9.000000 28.262389
4.000000 10.000000 28.831084
4.000000 11.000000 29.289109
4.000000 12.000000 29.659461
4.000000 13.000000 29.959501
4.000000 14.000000 30.202472
4.000000 15.000000 30.398554
4.000000 16.000000 30.555614
4.000000 17.000000 30.679730
4.000000 18.000000 30.775572
4.000000 19.000000 30.846669
4.000000 20.000000 30.895595
4.000000 21.000000 30.924101
4.000000 22.000000 30.933196
4.000000 23.000000 30.923187
4.000000 24.000000 30.893687
4.000000 25.000000 30.843579
4.000000 26.000000 30.770948
4.000000 27.000000 30.672952
4.000000 28.000000 30.545639
4.000000 29.000000 30.383669
4.000000 30.000000 30.179921
4.000000 31.000000 29.924918
4.000000 32.000000 29.606019
4.000000 33.000000 29.206257
4.000000 34.000000 28.702728
4.000000 35.000000 28.064445
4.000000 36.000000 27.249813
4.000000 37.000000 26.204598
4.000000 38.000000 24.863072

5.000000 1.000000 10.552452
5.000000 2.000000 14.002393
5.000000 3.000000 16.886996
5.000000 4.000000 19.240528
5.000000 5.000000 21.137940
5.000000 6.000000 22.661582
5.000000 7.000000 23.885854
5.000000 8.000000 24.872451
5.000000 9.000000 25.670488
5.000000 10.000000 26.318348
5.000000 11.000000 26.845833
5.000000 12.000000 27.276082
5.000000 13.000000 27.627111
5.000000 14.000000 27.913005
5.000000 15.000000 28.144811
5.000000 16.000000 28.331200
5.000000 17.000000 28.478962
5.000000 18.000000 28.593368
5.000000 19.000000 28.678435
5.000000 20.000000 28.737116
5.000000 21.000000 28.771433
5.000000 22.000000 28.782566
5.000000 23.000000 28.770894
5.000000 24.000000 28.736004
5.000000 25.000000 28.676661
5.000000 26.000000 28.590737
5.000000 27.000000 28.475092
5.000000 28.000000 28.325397
5.000000 29.000000 28.135885
5.000000 30.000000 27.898999
5.000000 31.000000 27.604925
5.000000 32.000000 27.240966
5.000000 33.000000 26.790740
5.000000 34.000000 26.233224
5.000000 35.000000 25.541755
5.000000 36.000000 24.683374
5.000000 37.000000 23.619402
5.000000 38.000000 22.308956

6.000000 1.000000 8.922215
6.000000 2.000000 11.930226
6.000000 3.000000 14.540860
6.000000 4.000000 16.752090
6.000000 5.000000 18.596687
6.000000 6.000000 20.122306
6.000000 7.000000 21.378919
6.000000 8.000000 22.412506
6.000000 9.000000 23.262680
6.000000 10.000000 23.962386
6.000000 11.000000 24.538508
6.000000 12.000000 25.012774
6.000000 13.000000 25.402663
6.000000 14.000000 25.722204
6.000000 15.000000 25.982640
6.000000 16.000000 26.192955
6.000000 17.000000 26.360286
6.000000 18.000000 26.490239
6.000000 19.000000 26.587126
6.000000 20.000000 26.654148
6.000000 21.000000 26.693514
6.000000 22.000000 26.706531
6.000000 23.000000 26.693644
6.000000 24.000000 26.654445
6.000000 25.000000 26.587655
6.000000 26.000000 26.491054
6.000000 27.000000 26.361384
6.000000 28.000000 26.194194
6.000000 29.000000 25.983638
6.000000 30.000000 25.722202
6.000000 31.000000 25.400359
6.000000 32.000000 25.006162
6.000000 33.000000 24.524779
6.000000 34.000000 23.938071
6.000000 35.000000 23.224360
6.000000 36.000000 22.358756
6.000000 37.000000 21.314619
6.000000 38.000000 20.066979

7.000000 1.000000 7.640701
7.000000 2.000000 10.270371
7.000000 3.000000 12.613017
7.000000 4.000000 14.653030
7.000000 5.000000 16.400897
7.000000 6.000000 17.882128
7.000000 7.000000 19.128562
7.000000 8.000000 20.172817
7.000000 9.000000 21.045296
7.000000 10.000000 21.772888
7.000000 11.000000 22.378646
7.000000 12.000000 22.881970
7.000000 13.000000 23.298992
7.000000 14.000000 23.643020
7.000000 15.000000 23.924964
7.000000 16.000000 24.153703
7.000000 17.000000 24.336404
7.000000 18.000000 24.478764
7.000000 19.000000 24.585220
7.000000 20.000000 24.659090
7.000000 21.000000 24.702691
7.000000 22.000000 24.717411
7.000000 23.000000 24.703754
7.000000 24.000000 24.661347
7.000000 25.000000 24.588928
7.000000 26.000000 24.484294
7.000000 27.000000 24.344218
7.000000 28.000000 24.164341
7.000000 29.000000 23.939011
7.000000 30.000000 23.661102
7.000000 31.000000 23.321796
7.000000 32.000000 22.910357
7.000000 33.000000 22.413938
7.000000 34.000000 21.817513
7.000000 35.000000 21.104075
7.000000 36.000000 20.255348
7.000000 37.000000 19.253323
7.000000 38.000000 18.082916

8.000000 1.000000 6.607228
8.000000 2.000000 8.914593
8.000000 3.000000 11.009373
8.000000 4.000000 12.872086
8.000000 5.000000 14.501984
8.000000 6.000000 15.911103
8.000000 7.000000 17.118685
8.000000 8.000000 18.146965
8.000000 9.000000 19.018418
8.000000 10.000000 19.754179
8.000000 11.000000 20.373285
8.000000 12.000000 20.892410
8.000000 13.000000 21.325888
8.000000 14.000000 21.685875
8.000000 15.000000 21.982570
8.000000 16.000000 22.224435
8.000000 17.000000 22.418409
8.000000 18.000000 22.570087
8.000000 19.000000 22.683872
8.000000 20.000000 22.763094
8.000000 21.000000 22.810101
8.000000 22.000000 22.826324
8.000000 23.000000 22.812315
8.000000 24.000000 22.767756
8.000000 25.000000 22.691455
8.000000 26.000000 22.581307
8.000000 27.000000 22.434241
8.000000 28.000000 22.246140
8.000000 29.000000 22.011741
8.000000 30.000000 21.724527
8.000000 31.000000 21.376618
8.000000 32.000000 20.958687
8.000000 33.000000 20.459949
8.000000 34.000000 19.868301
8.000000 35.000000 19.170704
8.000000 36.000000 18.353966
8.000000 37.000000 17.406056
8.000000 38.000000 16.318004

9.000000 1.000000 5.757978
9.000000 2.000000 7.790412
9.000000 3.000000 9.661842
9.000000 4.000000 11.352910
9.000000 5.000000 12.857565
9.000000 6.000000 14.179921
9.000000 7.000000 15.330817
9.000000 8.000000 16.324838
9.000000 9.000000 17.178090
9.000000 10.000000 17.906709
9.000000 11.000000 18.525959
9.000000 12.000000 19.049757
9.000000 13.000000 19.490466
9.000000 14.000000 19.858868
9.000000 15.000000 20.164218
9.000000 16.000000 20.414350
9.000000 17.000000 20.615793
9.000000 18.000000 20.773883
9.000000 19.000000 20.892873
9.000000 20.000000 20.976012
9.000000 21.000000 21.025618
9.000000 22.000000 21.043131
9.000000 23.000000 21.029137
9.000000 24.000000 20.983388
9.000000 25.000000 20.904799
9.000000 26.000000 20.791425
9.000000 27.000000 20.640430
9.000000 28.000000 20.448044
9.000000 29.000000 20.209508
9.000000 30.000000 19.919029
9.000000 31.000000 19.569752
9.000000 32.000000 19.153776
9.000000 33.000000 18.662252
9.000000 34.000000 18.085617
9.000000 35.000000 17.414030
9.000000 36.000000 16.638083
9.000000 37.000000 15.749826
9.000000 38.000000 14.744087

10.000000 1.000000 5.050724
10.000000 2.000000 6.848038
10.000000 3.000000 8.520981
10.000000 4.000000 10.051829
10.000000 5.000000 11.432336
10.000000 6.000000 12.662115
10.000000 7.000000 13.746553
10.000000 8.000000 14.694793
10.000000 9.000000 15.518047
10.000000 10.000000 16.228333
10.000000 11.000000 16.837609
10.000000 12.000000 17.357222
10.000000 13.000000 17.797591
10.000000 14.000000 18.168055
10.000000 15.000000 18.476820
10.000000 16.000000 18.730967
10.000000 17.000000 18.936497
10.000000 18.000000 19.098388
10.000000 19.000000 19.220650
10.000000 20.000000 19.306387
10.000000 21.000000 19.357840
10.000000 22.000000 19.376422
10.000000 23.000000 19.362747
10.000000 24.000000 19.316643
10.000000 25.000000 19.237152
10.000000 26.000000 19.122528
10.000000 27.000000 18.970221
10.000000 28.000000 18.776861
10.000000 29.000000 18.538247
10.000000 30.000000 18.249343
10.000000 31.000000 17.904311
10.000000 32.000000 17.496583
10.000000 33.000000 17.019020
10.000000 34.000000 16.464172
10.000000 35.000000 15.824698
10.000000 36.000000 15.093954
10.000000 37.000000 14.266769
10.000000 38.000000 13.340344

11.000000 1.000000 4.456543
11.000000 2.000000 6.052451
11.000000 3.000000 7.550568
11.000000 4.000000 8.935229
11.000000 5.000000 10.197589
11.000000 6.000000 11.334815
11.000000 7.000000 12.348843
11.000000 8.000000 13.245031
11.000000 9.000000 14.030942
11.000000 10.000000 14.715328
11.000000 11.000000 15.307374
11.000000 12.000000 15.816162
11.000000 13.000000 16.250310
11.000000 14.000000 16.617759
11.000000 15.000000 16.925649
11.000000 16.000000 17.180262
11.000000 17.000000 17.387014
11.000000 18.000000 17.550458
11.000000 19.000000 17.674312
11.000000 20.000000 17.761486
11.000000 21.000000 17.814106
11.000000 22.000000 17.833540
11.000000 23.000000 17.820419
11.000000 24.000000 17.774643
11.000000 25.000000 17.695397
11.000000 26.000000 17.581148
11.000000 27.000000 17.429653
11.000000 28.000000 17.237962
11.000000 29.000000 17.002435
11.000000 30.000000 16.718774
11.000000 31.000000 16.382086
11.000000 32.000000 15.986993
11.000000 33.000000 15.527805
11.000000 34.000000 14.998784
11.000000 35.000000 14.394503
11.000000 36.000000 13.710323
11.000000 37.000000 12.942964
11.000000 38.000000 12.091120

12.000000 1.000000 3.955068
12.000000 2.000000 5.378500
12.000000 3.000000 6.723773
12.000000 4.000000 7.977249
12.000000 5.000000 9.130268
12.000000 6.000000 10.178765
12.000000 7.000000 11.122539
12.000000 8.000000 11.964373
12.000000 9.000000 12.709159
12.000000 10.000000 13.363129
12.000000 11.000000 13.933218
12.000000 12.000000 14.426582
12.000000 13.000000 14.850248
12.000000 14.000000 15.210871
12.000000 15.000000 15.514573
12.000000 16.000000 15.766848
12.000000 17.000000 15.972511
12.000000 18.000000 16.135669
12.000000 19.000000 16.259718
12.000000 20.000000 16.347347
12.000000 21.000000 16.400549
12.000000 22.000000 16.420630
12.000000 23.000000 16.408224
12.000000 24.000000 16.363304
12.000000 25.000000 16.285195
12.000000 26.000000 16.172580
12.000000 27.000000 16.023522
12.000000 28.000000 15.835481
12.000000 29.000000 15.605352
12.000000 30.000000 15.329517
12.000000 31.000000 15.003927
12.000000 32.000000 14.624227
12.000000 33.000000 14.185928
12.000000 34.000000 13.684645
12.000000 35.000000 13.116405
12.000000 36.000000 12.478016
12.000000 37.000000 11.767486
12.000000 38.000000 10.984451

13.000000 1.000000 3.531630
13.000000 2.000000 4.807801
13.000000 3.000000 6.020509
13.000000 4.000000 7.157941
13.000000 5.000000 8.211968
13.000000 6.000000 9.177995
13.000000 7.000000 10.054540
13.000000 8.000000 10.842656
13.000000 9.000000 11.545320
13.000000 10.000000 12.166853
13.000000 11.000000 12.712405
13.000000 12.000000 13.187550
13.000000 13.000000 13.597952
13.000000 14.000000 13.949128
13.000000 15.000000 14.246273
13.000000 16.000000 14.494142
13.000000 17.000000 14.696970
13.000000 18.000000 14.858422
13.000000 19.000000 14.981567
13.000000 20.000000 15.068867
13.000000 21.000000 15.122167
13.000000 22.000000 15.142704
13.000000 23.000000 15.131109
13.000000 24.000000 15.087418
13.000000 25.000000 15.011088
13.000000 26.000000 14.901009
13.000000 27.000000 14.755533
13.000000 28.000000 14.572502
13.000000 29.000000 14.349298
13.000000 30.000000 14.082907
13.000000 31.000000 13.770011
13.000000 32.000000 13.407109
13.000000 33.000000 12.990687
13.000000 34.000000 12.517418
13.000000 35.000000 11.984422
13.000000 36.000000 11.389549
13.000000 37.000000 10.731688
13.000000 38.000000 10.011064

14.000000 1.000000 3.175472
14.000000 2.000000 4.326714
14.000000 3.000000 5.425596
14.000000 4.000000 6.461863
14.000000 5.000000 7.428040
14.000000 6.000000 8.319398
14.000000 7.000000 9.133711
14.000000 8.000000 9.870895
14.000000 9.000000 10.532571
14.000000 10.000000 11.121633
14.000000 11.000000 11.641852
14.000000 12.000000 12.097522
14.000000 13.000000 12.493176
14.000000 14.000000 12.833359
14.000000 15.000000 13.122451
14.000000 16.000000 13.364540
14.000000 17.000000 13.563328
14.000000 18.000000 13.722063
14.000000 19.000000 13.843504
14.000000 20.000000 13.929885
14.000000 21.000000 13.982907
14.000000 22.000000 14.003731
14.000000 23.000000 13.992980
14.000000 24.000000 13.950745
14.000000 25.000000 13.876601
14.000000 26.000000 13.769629
14.000000 27.000000 13.628440
14.000000 28.000000 13.451218
14.000000 29.000000 13.235774
14.000000 30.000000 12.979613
14.000000 31.000000 12.680031
14.000000 32.000000 12.334230
14.000000 33.000000 11.939470
14.000000 34.000000 11.493245
14.000000 35.000000 10.993486
14.000000 36.000000 10.438794
14.000000 37.000000 9.828658
14.000000 38.000000 9.163670

15.000000 1.000000 2.878601
15.000000 2.000000 3.925012
15.000000 3.000000 4.927475
15.000000 4.000000 5.877030
15.000000 5.000000 6.766856
15.000000 6.000000 7.592292
15.000000 7.000000 8.350715
15.000000 8.000000 9.041302
15.000000 9.000000 9.664727
15.000000 10.000000 10.222844
15.000000 11.000000 10.718365
15.000000 12.000000 11.154583
15.000000 13.000000 11.535114
15.000000 14.000000 11.863694
15.000000 15.000000 12.144012
15.000000 16.000000 12.379577
15.000000 17.000000 12.573618
15.000000 18.000000 12.729009
15.000000 19.000000 12.848222
15.000000 20.000000 12.933282
15.000000 21.000000 12.985753
15.000000 22.000000 13.006721
15.000000 23.000000 12.996795
15.000000 24.000000 12.956113
15.000000 25.000000 12.884353
15.000000 26.000000 12.780759
15.000000 27.000000 12.644171
15.000000 28.000000 12.473068
15.000000 29.000000 12.265624
15.000000 30.000000 12.019781
15.000000 31.000000 11.733337
15.000000 32.000000 11.404059
15.000000 33.000000 11.029811
15.000000 34.000000 10.608712
15.000000 35.000000 10.139298
15.000000 36.000000 9.620702
15.000000 37.000000 9.052823
15.000000 38.000000 8.436477

16.000000 1.000000 2.635030
16.000000 2.000000 3.594972
16.000000 3.000000 4.517314
16.000000 4.000000 5.394138
16.000000 5.000000 6.219212
16.000000 6.000000 6.988042
16.000000 7.000000 7.697813
16.000000 8.000000 8.347236
16.000000 9.000000 8.936339
16.000000 10.000000 9.466221
16.000000 11.000000 9.938814
16.000000 12.000000 10.356635
16.000000 13.000000 10.722582
16.000000 14.000000 11.039739
16.000000 15.000000 11.311227
16.000000 16.000000 11.540071
16.000000 17.000000 11.729097
16.000000 18.000000 11.880859
16.000000 19.000000 11.997574
16.000000 20.000000 12.081084
16.000000 21.000000 12.132827
16.000000 22.000000 12.153820
16.000000 23.000000 12.144658
16.000000 24.000000 12.105512
16.000000 25.000000 12.036148
16.000000 26.000000 11.935949
16.000000 27.000000 11.803944
16.000000 28.000000 11.638858
16.000000 29.000000 11.439164
16.000000 30.000000 11.203156
16.000000 31.000000 10.929034
16.000000 32.000000 10.615005
16.000000 33.000000 10.259401
16.000000 34.000000 9.860807
16.000000 35.000000 9.418200
16.000000 36.000000 8.931091
16.000000 37.000000 8.399653
16.000000 38.000000 7.824832

17.000000 1.000000 2.440263
17.000000 2.000000 3.330765
17.000000 3.000000 4.188375
17.000000 4.000000 5.005992
17.000000 5.000000 5.777879
17.000000 6.000000 6.499736
17.000000 7.000000 7.168676
17.000000 8.000000 7.783131
17.000000 9.000000 8.342695
17.000000 10.000000 8.847944
17.000000 11.000000 9.300240
17.000000 12.000000 9.701530
17.000000 13.000000 10.054161
17.000000 14.000000 10.360716
17.000000 15.000000 10.623867
17.000000 16.000000 10.846250
17.000000 17.000000 11.030367
17.000000 18.000000 11.178504
17.000000 19.000000 11.292669
17.000000 20.000000 11.374548
17.000000 21.000000 11.425472
17.000000 22.000000 11.446398
17.000000 23.000000 11.437903
17.000000 24.000000 11.400186
17.000000 25.000000 11.333080
17.000000 26.000000 11.236079
17.000000 27.000000 11.108365
17.000000 28.000000 10.948858
17.000000 29.000000 10.756266
17.000000 30.000000 10.529159
17.000000 31.000000 10.266045
17.000000 32.000000 9.965466
17.000000 33.000000 9.626100
17.000000 34.000000 9.246872
17.000000 35.000000 8.827076
17.000000 36.000000 8.366481
17.000000 37.000000 7.865442
17.000000 38.000000 7.324977

18.000000 1.000000 2.290954
18.000000 2.000000 3.128028
18.000000 3.000000 3.935574
18.000000 4.000000 4.707098
18.000000 5.000000 5.437254
18.000000 6.000000 6.121925
18.000000 7.000000 6.758219
18.000000 8.000000 7.344409
18.000000 9.000000 7.879816
18.000000 10.000000 8.364668
18.000000 11.000000 8.799936
18.000000 12.000000 9.187164
18.000000 13.000000 9.528306
18.000000 14.000000 9.825576
18.000000 15.000000 10.081313
18.000000 16.000000 10.297860
18.000000 17.000000 10.477471
18.000000 18.000000 10.622226
18.000000 19.000000 10.733968
18.000000 20.000000 10.814259
18.000000 21.000000 10.864345
18.000000 22.000000 10.885133
18.000000 23.000000 10.877183
18.000000 24.000000 10.840714
18.000000 25.000000 10.775608
18.000000 26.000000 10.681442
18.000000 27.000000 10.557513
18.000000 28.000000 10.402886
18.000000 29.000000 10.216446
18.000000 30.000000 9.996964
18.000000 31.000000 9.743173
18.000000 32.000000 9.453854
18.000000 33.000000 9.127931
18.000000 34.000000 8.764567
18.000000 35.000000 8.363268
18.000000 36.000000 7.923977
18.000000 37.000000 7.447159
18.000000 38.000000 6.933871

19.000000 1.000000 2.184674
19.000000 2.000000 2.983576
19.000000 3.000000 3.755169
19.000000 4.000000 4.493370
19.000000 5.000000 5.193116
19.000000 6.000000 5.850437
19.000000 7.000000 6.462468
19.000000 8.000000 7.027409
19.000000 9.000000 7.544428
19.000000 10.000000 8.013546
19.000000 11.000000 8.435490
19.000000 12.000000 8.811550
19.000000 13.000000 9.143425
19.000000 14.000000 9.433086
19.000000 15.000000 9.682647
19.000000 16.000000 9.894253
19.000000 17.000000 10.069985
19.000000 18.000000 10.211777
19.000000 19.000000 10.321358
19.000000 20.000000 10.400200
19.000000 21.000000 10.449485
19.000000 22.000000 10.470082
19.000000 23.000000 10.462539
19.000000 24.000000 10.427083
19.000000 25.000000 10.363632
19.000000 26.000000 10.271816
19.000000 27.000000 10.151010
19.000000 28.000000 10.000378
19.000000 29.000000 9.818921
19.000000 30.000000 9.605545
19.000000 31.000000 9.359131
19.000000 32.000000 9.078616
19.000000 33.000000 8.763080
19.000000 34.000000 8.411835
19.000000 35.000000 8.024519
19.000000 36.000000 7.601178
19.000000 37.000000 7.142337
19.000000 38.000000 6.649065

20.000000 1.000000 2.119758
20.000000 2.000000 2.895217
20.000000 3.000000 3.644558
20.000000 4.000000 4.361933
20.000000 5.000000 5.042447
20.000000 6.000000 5.682231
20.000000 7.000000 6.278464
20.000000 8.000000 6.829330
20.000000 9.000000 7.333943
20.000000 10.000000 7.792233
20.000000 11.000000 8.204818
20.000000 12.000000 8.572864
20.000000 13.000000 8.897941
20.000000 14.000000 9.181896
20.000000 15.000000 9.426722
20.000000 16.000000 9.634456
20.000000 17.000000 9.807081
20.000000 18.000000 9.946450
20.000000 19.000000 10.054222
20.000000 20.000000 10.131817
20.000000 21.000000 10.180376
20.000000 22.000000 10.200745
20.000000 23.000000 10.193460
20.000000 24.000000 10.158751
20.000000 25.000000 10.096553
20.000000 26.000000 10.006523
20.000000 27.000000 9.888079
20.000000 28.000000 9.740436
20.000000 29.000000 9.562657
20.000000 30.000000 9.353719
20.000000 31.000000 9.112579
20.000000 32.000000 8.838251
20.000000 33.000000 8.529893
20.000000 34.000000 8.186889
20.000000 35.000000 7.808936
20.000000 36.000000 7.396124
20.000000 37.000000 6.949001
20.000000 38.000000 6.468628

21.000000 1.000000 2.095211
21.000000 2.000000 2.861629
21.000000 3.000000 3.602154
21.000000 4.000000 4.310998
21.000000 5.000000 4.983322
21.000000 6.000000 5.615313
21.000000 7.000000 6.204193
21.000000 8.000000 6.748187
21.000000 9.000000 7.246437
21.000000 10.000000 7.698894
21.000000 11.000000 8.106185
21.000000 12.000000 8.469476
21.000000 13.000000 8.790332
21.000000 14.000000 9.070583
21.000000 15.000000 9.312208
21.000000 16.000000 9.517221
21.000000 17.000000 9.687584
21.000000 18.000000 9.825127
21.000000 19.000000 9.931489
21.000000 20.000000 10.008072
21.000000 21.000000 10.056001
21.000000 22.000000 10.076112
21.000000 23.000000 10.068933
21.000000 24.000000 10.034689
21.000000 25.000000 9.973316
21.000000 26.000000 9.884474
21.000000 27.000000 9.767585
21.000000 28.000000 9.621873
21.000000 29.000000 9.446409
21.000000 30.000000 9.240177
21.000000 31.000000 9.002142
21.000000 32.000000 8.731323
21.000000 33.000000 8.426881
21.000000 34.000000 8.088197
21.000000 35.000000 7.714965
21.000000 36.000000 7.307262
21.000000 37.000000 6.865624
21.000000 38.000000 6.391093

22.000000 1.000000 2.110669
22.000000 2.000000 2.882313
22.000000 3.000000 3.627325
22.000000 4.000000 4.339804
22.000000 5.000000 5.014861
22.000000 6.000000 5.648686
22.000000 7.000000 6.238558
22.000000 8.000000 6.782792
22.000000 9.000000 7.280646
22.000000 10.000000 7.732200
22.000000 11.000000 8.138210
22.000000 12.000000 8.499967
22.000000 13.000000 8.819147
22.000000 14.000000 9.097680
22.000000 15.000000 9.337624
22.000000 16.000000 9.541060
22.000000 17.000000 9.710000
22.000000 18.000000 9.846313
22.000000 19.000000 9.951664
22.000000 20.000000 10.027472
22.000000 21.000000 10.074870
22.000000 22.000000 10.094696
22.000000 23.000000 10.087473
22.000000 24.000000 10.053417
22.000000 25.000000 9.992446
22.000000 26.000000 9.904198
22.000000 27.000000 9.788067
22.000000 28.000000 9.643238
22.000000 29.000000 9.468738
22.000000 30.000000 9.263501
22.000000 31.000000 9.026427
22.000000 32.000000 8.756472
22.000000 33.000000 8.452721
22.000000 34.000000 8.114484
22.000000 35.000000 7.741382
22.000000 36.000000 7.333430
22.000000 37.000000 6.891112
22.000000 38.000000 6.415441

23.000000 1.000000 2.166398
23.000000 2.000000 2.957591
23.000000 3.000000 3.720394
23.000000 4.000000 4.448619
23.000000 5.000000 5.137219
23.000000 6.000000 5.782353
23.000000 7.000000 6.381373
23.000000 8.000000 6.932751
23.000000 9.000000 7.435962
23.000000 10.000000 7.891331
23.000000 11.000000 8.299874
23.000000 12.000000 8.663135
23.000000 13.000000 8.983024
23.000000 14.000000 9.261682
23.000000 15.000000 9.501347
23.000000 16.000000 9.704253
23.000000 17.000000 9.872533
23.000000 18.000000 10.008153
23.000000 19.000000 10.112850
23.000000 20.000000 10.188090
23.000000 21.000000 10.235041
23.000000 22.000000 10.254552
23.000000 23.000000 10.247146
23.000000 24.000000 10.213021
23.000000 25.000000 10.152062
23.000000 26.000000 10.063862
23.000000 27.000000 9.947750
23.000000 28.000000 9.802830
23.000000 29.000000 9.628033
23.000000 30.000000 9.422178
23.000000 31.000000 9.184037
23.000000 32.000000 8.912421
23.000000 33.000000 8.606268
23.000000 34.000000 8.264737
23.000000 35.000000 7.887305
23.000000 36.000000 7.473866
23.000000 37.000000 7.024813
23.000000 38.000000 6.541106

24.000000 1.000000 2.263343
24.000000 2.000000 3.088665
24.000000 3.000000 3.882703
24.000000 4.000000 4.638798
24.000000 5.000000 5.351648
24.000000 6.000000 6.017356
24.000000 7.000000 6.633394
24.000000 8.000000 7.198484
24.000000 9.000000 7.712439
24.000000 10.000000 8.175974
24.000000 11.000000 8.590510
24.000000 12.000000 8.957983
24.000000 13.000000 9.280670
24.000000 14.000000 9.561038
24.000000 15.000000 9.801607
24.000000 16.000000 10.004847
24.000000 17.000000 10.173082
24.000000 18.000000 10.308430
24.000000 19.000000 10.412742
24.000000 20.000000 10.487566
24.000000 21.000000 10.534120
24.000000 22.000000 10.553279
24.000000 23.000000 10.545565
24.000000 24.000000 10.511154
24.000000 25.000000 10.449881
24.000000 26.000000 10.361269
24.000000 27.000000 10.244547
24.000000 28.000000 10.098698
24.000000 29.000000 9.922503
24.000000 30.000000 9.714602
24.000000 31.000000 9.473567
24.000000 32.000000 9.197987
24.000000 33.000000 8.886563
24.000000 34.000000 8.538220
24.000000 35.000000 8.152210
24.000000 36.000000 7.728233
24.000000 37.000000 7.266537
24.000000 38.000000 6.768005

25.000000 1.000000 2.403223
25.000000 2.000000 3.277740
25.000000 3.000000 4.116743
25.000000 4.000000 4.912910
25.000000 5.000000 5.660595
25.000000 6.000000 6.355860
25.000000 7.000000 6.996375
25.000000 8.000000 7.581251
25.000000 9.000000 8.110807
25.000000 10.000000 8.586320
25.000000 11.000000 9.009787
25.000000 12.000000 9.383700
25.000000 13.000000 9.710841
25.000000 14.000000 9.994126
25.000000 15.000000 10.236459
25.000000 16.000000 10.440628
25.000000 17.000000 10.609218
25.000000 18.000000 10.744547
25.000000 19.000000 10.848619
25.000000 20.000000 10.923092
25.000000 21.000000 10.969253
25.000000 22.000000 10.988010
25.000000 23.000000 10.979887
25.000000 24.000000 10.945027
25.000000 25.000000 10.883204
25.000000 26.000000 10.793844
25.000000 27.000000 10.676048
25.000000 28.000000 10.528631
25.000000 29.000000 10.350171
25.000000 30.000000 10.139065
25.000000 31.000000 9.893607
25.000000 32.000000 9.612076
25.000000 33.000000 9.292844
25.000000 34.000000 8.934497
25.000000 35.000000 8.535964
25.000000 36.000000 8.096660
25.000000 37.000000 7.616616
25.000000 38.000000 7.096596

26.000000 1.000000 2.588695
26.000000 2.000000 3.528222
26.000000 3.000000 4.426366
26.000000 4.000000 5.274935
26.000000 5.000000 6.067881
26.000000 6.000000 6.801280
26.000000 7.000000 7.473156
26.000000 8.000000 8.083208
26.000000 9.000000 8.632482
26.000000 10.000000 9.123047
26.000000 11.000000 9.557682
26.000000 12.000000 9.939614
26.000000 13.000000 10.272291
26.000000 14.000000 10.559201
26.000000 15.000000 10.803735
26.000000 16.000000 11.009082
26.000000 17.000000 11.178144
26.000000 18.000000 11.313489
26.000000 19.000000 11.417306
26.000000 20.000000 11.491385
26.000000 21.000000 11.537095
26.000000 22.000000 11.555386
26.000000 23.000000 11.546780
26.000000 24.000000 11.511382
26.000000 25.000000 11.448891
26.000000 26.000000 11.358613
26.000000 27.000000 11.239488
26.000000 28.000000 11.090126
26.000000 29.000000 10.908844
26.000000 30.000000 10.693732
26.000000 31.000000 10.442722
26.000000 32.000000 10.153688
26.000000 33.000000 9.824559
26.000000 34.000000 9.453461
26.000000 35.000000 9.038875
26.000000 36.000000 8.579812
26.000000 37.000000 8.075985
26.000000 38.000000 7.527971

27.000000 1.000000 2.823605
27.000000 2.000000 3.845024
27.000000 3.000000 4.817101
27.000000 4.000000 5.730560
27.000000 5.000000 6.578936
27.000000 6.000000 7.358466
27.000000 7.000000 8.067776
27.000000 8.000000 8.707452
27.000000 9.000000 9.279578
27.000000 10.000000 9.787296
27.000000 11.000000 10.234424
27.000000 12.000000 10.625133
27.000000 13.000000 10.963701
27.000000 14.000000 11.254326
27.000000 15.000000 11.500982
27.000000 16.000000 11.707329
27.000000 17.000000 11.876644
27.000000 18.000000 12.011779
27.000000 19.000000 12.115135
27.000000 20.000000 12.188646
27.000000 21.000000 12.233778
27.000000 22.000000 12.251519
27.000000 23.000000 12.242393
27.000000 24.000000 12.206458
27.000000 25.000000 12.143322
27.000000 26.000000 12.052156
27.000000 27.000000 11.931710
27.000000 28.000000 11.780347
27.000000 29.000000 11.596077
27.000000 30.000000 11.376610
27.000000 31.000000 11.119432
27.000000 32.000000 10.821901
27.000000 33.000000 10.481375
27.000000 34.000000 10.095370
27.000000 35.000000 9.661758
27.000000 36.000000 9.178983
27.000000 37.000000 8.646297
27.000000 38.000000 8.063984

28.000000 1.000000 3.113359
28.000000 2.000000 4.235018
28.000000 3.000000 5.296619
28.000000 4.000000 6.287592
28.000000 5.000000 7.201133
28.000000 6.000000 8.033928
28.000000 7.000000 8.785606
28.000000 8.000000 9.458078
28.000000 9.000000 10.054885
28.000000 10.000000 10.580612
28.000000 11.000000 11.040413
28.000000 12.000000 11.439642
28.000000 13.000000 11.783586
28.000000 14.000000 12.077277
28.000000 15.000000 12.325366
28.000000 16.000000 12.532047
28.000000 17.000000 12.701007
28.000000 18.000000 12.835410
28.000000 19.000000 12.937881
28.000000 20.000000 13.010509
28.000000 21.000000 13.054853
28.000000 22.000000 13.071947
28.000000 23.000000 13.062305
28.000000 24.000000 13.025936
28.000000 25.000000 12.962347
28.000000 26.000000 12.870556
28.000000 27.000000 12.749103
28.000000 28.000000 12.596070
28.000000 29.000000 12.409112
28.000000 30.000000 12.185495
28.000000 31.000000 11.922167
28.000000 32.000000 11.615851
28.000000 33.000000 11.263182
28.000000 34.000000 10.860884
28.000000 35.000000 10.406010
28.000000 36.000000 9.896217
28.000000 37.000000 9.330087
28.000000 38.000000 8.707442

29.000000 1.000000 3.465490
29.000000 2.000000 4.707705
29.000000 3.000000 5.875396
29.000000 4.000000 6.956530
29.000000 5.000000 7.944219
29.000000 6.000000 8.836117
29.000000 7.000000 9.633489
29.000000 8.000000 10.340208
29.000000 9.000000 10.961831
29.000000 10.000000 11.504846
29.000000 11.000000 11.976096
29.000000 12.000000 12.382374
29.000000 13.000000 12.730155
29.000000 14.000000 13.025421
29.000000 15.000000 13.273571
29.000000 16.000000 13.479372
29.000000 17.000000 13.646946
29.000000 18.000000 13.779773
29.000000 19.000000 13.880705
29.000000 20.000000 13.951981
29.000000 21.000000 13.995248
29.000000 22.000000 14.011577
29.000000 23.000000 14.001474
29.000000 24.000000 13.964888
29.000000 25.000000 13.901221
29.000000 26.000000 13.809331
29.000000 27.000000 13.687530
29.000000 28.000000 13.533601
29.000000 29.000000 13.344800
29.000000 30.000000 13.117893
29.000000 31.000000 12.849200
29.000000 32.000000 12.534684
29.000000 33.000000 12.170082
29.000000 34.000000 11.751106
29.000000 35.000000 11.273714
29.000000 36.000000 10.734474
29.000000 37.000000 10.130991
29.000000 38.000000 9.462367

30.000000 1.000000 3.890514
30.000000 2.000000 5.276212
30.000000 3.000000 6.567666
30.000000 4.000000 7.751348
30.000000 5.000000 8.820864
30.000000 6.000000 9.775741
30.000000 7.000000 10.619865
30.000000 8.000000 11.359967
30.000000 9.000000 12.004359
30.000000 10.000000 12.561988
30.000000 11.000000 13.041780
30.000000 12.000000 13.452227
30.000000 13.000000 13.801146
30.000000 14.000000 14.095560
30.000000 15.000000 14.341655
30.000000 16.000000 14.544785
30.000000 17.000000 14.709498
30.000000 18.000000 14.839576
30.000000 19.000000 14.938078
30.000000 20.000000 15.007378
30.000000 21.000000 15.049198
30.000000 22.000000 15.064635
30.000000 23.000000 15.054177
30.000000 24.000000 15.017714
30.000000 25.000000 14.954543
30.000000 26.000000 14.863358
30.000000 27.000000 14.742248
30.000000 28.000000 14.588681
30.000000 29.000000 14.399499
30.000000 30.000000 14.170918
30.000000 31.000000 13.898555
30.000000 32.000000 13.577484
30.000000 33.000000 13.202357
30.000000 34.000000 12.767602
30.000000 35.000000 12.267741
30.000000 36.000000 11.697830
30.000000 37.000000 11.054048
30.000000 38.000000 10.334364

31.000000 1.000000 4.403260
31.000000 2.000000 5.958796
31.000000 3.000000 7.392790
31.000000 4.000000 8.690536
31.000000 5.000000 9.847321
31.000000 6.000000 10.866080
31.000000 7.000000 11.754814
31.000000 8.000000 12.524357
31.000000 9.000000 13.186708
31.000000 10.000000 13.753909
31.000000 11.000000 14.237371
31.000000 12.000000 14.647513
31.000000 13.000000 14.993607
31.000000 14.000000 15.283751
31.000000 15.000000 15.524910
31.000000 16.000000 15.722990
31.000000 17.000000 15.882925
31.000000 18.000000 16.008757
31.000000 19.000000 16.103713
31.000000 20.000000 16.170269
31.000000 21.000000 16.210197
31.000000 22.000000 16.224604
31.000000 23.000000 16.213954
31.000000 24.000000 16.178079
31.000000 25.000000 16.116175
31.000000 26.000000 16.026791
31.000000 27.000000 15.907801
31.000000 28.000000 15.756375
31.000000 29.000000 15.568940
31.000000 30.000000 15.341149
31.000000 31.000000 15.067859
31.000000 32.000000 14.743145
31.000000 33.000000 14.360379
31.000000 34.000000 13.912402
31.000000 35.000000 13.391861
31.000000 36.000000 12.791732
31.000000 37.000000 12.106100
31.000000 38.000000 11.331146

32.000000 1.000000 5.025018
32.000000 2.000000 6.781170
32.000000 3.000000 8.377246
32.000000 4.000000 9.798479
32.000000 5.000000 11.044168
32.000000 6.000000 12.123216
32.000000 7.000000 13.049950
32.000000 8.000000 13.840958
32.000000 9.000000 14.513029
32.000000 10.000000 15.081965
32.000000 11.000000 15.562010
32.000000 12.000000 15.965652
32.000000 13.000000 16.303638
32.000000 14.000000 16.585094
32.000000 15.000000 16.817683
32.000000 16.000000 17.007779
32.000000 17.000000 17.160611
32.000000 18.000000 17.280407
32.000000 19.000000 17.370499
32.000000 20.000000 17.433415
32.000000 21.000000 17.470943
32.000000 22.000000 17.484179
32.000000 23.000000 17.473555
32.000000 24.000000 17.438849
32.000000 25.000000 17.379176
32.000000 26.000000 17.292964
32.000000 27.000000 17.177910
32.000000 28.000000 17.030928
32.000000 29.000000 16.848068
32.000000 30.000000 16.624443
32.000000 31.000000 16.354141
32.000000 32.000000 16.030170
32.000000 33.000000 15.644452
32.000000 34.000000 15.187921
32.000000 35.000000 14.650820
32.000000 36.000000 14.023286
32.000000 37.000000 13.296333
32.000000 38.000000 12.463283

33.000000 1.000000 5.787088
33.000000 2.000000 7.780174
33.000000 3.000000 9.557480
33.000000 4.000000 11.107174
33.000000 5.000000 12.437010
33.000000 6.000000 13.566018
33.000000 7.000000 14.517993
33.000000 8.000000 15.317327
33.000000 9.000000 15.986766
33.000000 10.000000 16.546435
33.000000 11.000000 17.013595
33.000000 12.000000 17.402782
33.000000 13.000000 17.726088
33.000000 14.000000 17.993501
33.000000 15.000000 18.213212
33.000000 16.000000 18.391901
33.000000 17.000000 18.534962
33.000000 18.000000 18.646693
33.000000 19.000000 18.730444
33.000000 20.000000 18.788727
33.000000 21.000000 18.823302
33.000000 22.000000 18.835229
33.000000 23.000000 18.824899
33.000000 24.000000 18.792046
33.000000 25.000000 18.735732
33.000000 26.000000 18.654309
33.000000 27.000000 18.545362
33.000000 28.000000 18.405619
33.000000 29.000000 18.230843
33.000000 30.000000 18.015690
33.000000 31.000000 17.753548
33.000000 32.000000 17.436367
33.000000 33.000000 17.054521
33.000000 34.000000 16.596753
33.000000 35.000000 16.050326
33.000000 36.000000 15.401558
33.000000 37.000000 14.636973
33.000000 38.000000 13.745301

34.000000 1.000000 6.736996
34.000000 2.000000 9.009705
34.000000 3.000000 10.983976
34.000000 4.000000 12.658189
34.000000 5.000000 14.056832
34.000000 6.000000 15.215566
34.000000 7.000000 16.171803
34.000000 8.000000 16.959968
34.000000 9.000000 17.609726
34.000000 10.000000 18.145752
34.000000 11.000000 18.588186
34.000000 12.000000 18.953310
34.000000 13.000000 19.254226
34.000000 14.000000 19.501460
34.000000 15.000000 19.703452
34.000000 16.000000 19.866953
34.000000 17.000000 19.997332
34.000000 18.000000 20.098810
34.000000 19.000000 20.174641
34.000000 20.000000 20.227243
34.000000 21.000000 20.258290
34.000000 22.000000 20.268775
34.000000 23.000000 20.259046
34.000000 24.000000 20.228806
34.000000 25.000000 20.177103
34.000000 26.000000 20.102277
34.000000 27.000000 20.001886
34.000000 28.000000 19.872595
34.000000 29.000000 19.710019
34.000000 30.000000 19.508523
34.000000 31.000000 19.260965
34.000000 32.000000 18.958388
34.000000 33.000000 18.589676
34.000000 34.000000 18.141234
34.000000 35.000000 17.596819
34.000000 36.000000 16.937786
34.000000 37.000000 16.144180
34.000000 38.000000 15.197306

35.000000 1.000000 7.949942
35.000000 2.000000 10.550517
35.000000 3.000000 12.726772
35.000000 4.000000 14.504331
35.000000 5.000000 15.939336
35.000000 6.000000 17.093488
35.000000 7.000000 18.022532
35.000000 8.000000 18.772694
35.000000 9.000000 19.380774
35.000000 10.000000 19.875533
35.000000 11.000000 20.279303
35.000000 12.000000 20.609424
35.000000 13.000000 20.879407
35.000000 14.000000 21.099814
35.000000 15.000000 21.278936
35.000000 16.000000 21.423287
35.000000 17.000000 21.537971
35.000000 18.000000 21.626953
35.000000 19.000000 21.693262
35.000000 20.000000 21.739124
35.000000 21.000000 21.766071
35.000000 22.000000 21.774997
35.000000 23.000000 21.766197
35.000000 24.000000 21.739369
35.000000 25.000000 21.693592
35.000000 26.000000 21.627274
35.000000 27.000000 21.538063
35.000000 28.000000 21.422713
35.000000 29.000000 21.276901
35.000000 30.000000 21.094960
35.000000 31.000000 20.869532
35.000000 32.000000 20.591097
35.000000 33.000000 20.247375
35.000000 34.000000 19.822609
35.000000 35.000000 19.296812
35.000000 36.000000 18.645284
35.000000 37.000000 17.839034
35.000000 38.000000 16.847428

36.000000 1.000000 9.551463
36.000000 2.000000 12.526497
36.000000 3.000000 14.881984
36.000000 4.000000 16.709548
36.000000 5.000000 18.121933
36.000000 6.000000 19.218376
36.000000 7.000000 20.076510
36.000000 8.000000 20.754261
36.000000 9.000000 21.294166
36.000000 10.000000 21.727449
36.000000 11.000000 22.077193
36.000000 12.000000 22.360634
36.000000 13.000000 22.590790
36.000000 14.000000 22.777594
36.000000 15.000000 22.928685
36.000000 16.000000 23.049968
36.000000 17.000000 23.146011
36.000000 18.000000 23.220327
36.000000 19.000000 23.275571
36.000000 20.000000 23.313686
36.000000 21.000000 23.335993
36.000000 22.000000 23.343259
36.000000 23.000000 23.335720
36.000000 24.000000 23.313091
36.000000 25.000000 23.274542
36.000000 26.000000 23.218636
36.000000 27.000000 23.143247
36.000000 28.000000 23.045410
36.000000 29.000000 22.921124
36.000000 30.000000 22.765046
36.000000 31.000000 22.570073
36.000000 32.000000 22.326726
36.000000 33.000000 22.022286
36.000000 34.000000 21.639581
36.000000 35.000000 21.155380
36.000000 36.000000 20.538502
36.000000 37.000000 19.748286
36.000000 38.000000 18.735456

37.000000 1.000000 11.766155
37.000000 2.000000 15.130801
37.000000 3.000000 17.576219
37.000000 4.000000 19.343310
37.000000 5.000000 20.636035
37.000000 6.000000 21.599257
37.000000 7.000000 22.330588
37.000000 8.000000 22.895321
37.000000 9.000000 23.337657
37.000000 10.000000 23.688103
37.000000 11.000000 23.968184
37.000000 12.000000 24.193406
37.000000 13.000000 24.375160
37.000000 14.000000 24.521947
37.000000 15.000000 24.640193
37.000000 16.000000 24.734800
37.000000 17.000000 24.809517
37.000000 18.000000 24.867201
37.000000 19.000000 24.909996
37.000000 20.000000 24.939462
37.000000 21.000000 24.956654
37.000000 22.000000 24.962175
37.000000 23.000000 24.956206
37.000000 24.000000 24.938503
37.000000 25.000000 24.908380
37.000000 26.000000 24.864653
37.000000 27.000000 24.805561
37.000000 28.000000 24.728630
37.000000 29.000000 24.630478
37.000000 30.000000 24.506518
37.000000 31.000000 24.350512
37.000000 32.000000 24.153895
37.000000 33.000000 23.904719
37.000000 34.000000 23.586013
37.000000 35.000000 23.173196
37.000000 36.000000 22.630137
37.000000 37.000000 21.903647
37.000000 38.000000 20.917864

38.000000 1.000000 15.033356
38.000000 2.000000 18.660974
38.000000 3.000000 20.957180
38.000000 4.000000 22.461551
38.000000 5.000000 23.491417
38.000000 6.000000 24.225409
38.000000 7.000000 24.766178
38.000000 8.000000 25.175161
38.000000 9.000000 25.490802
38.000000 10.000000 25.738188
38.000000 11.000000 25.934310
38.000000 12.000000 26.091044
38.000000 13.000000 26.216919
38.000000 14.000000 26.318187
38.000000 15.000000 26.399516
38.000000 16.000000 26.464424
38.000000 17.000000 26.515583
38.000000 18.000000 26.555012
38.000000 19.000000 26.584222
38.000000 20.000000 26.604304
38.000000 21.000000 26.615993
38.000000 22.000000 26.619708
38.000000 23.000000 26.615569
38.000000 24.000000 26.603399
38.000000 25.000000 26.582707
38.000000 26.000000 26.552647
38.000000 27.000000 26.511957
38.000000 28.000000 26.458852
38.000000 29.000000 26.390868
38.000000 30.000000 26.304618
38.000000 31.000000 26.195416
38.000000 32.000000 26.056658
38.000000 33.000000 25.878823
38.000000 34.000000 25.647717
38.000000 35.000000 25.341359
38.000000 36.000000 24.924178
38.000000 37.000000 24.336077
38.000000 38.000000 23.472551

