1.000000 1.000000 27.243032
1.000000 2.000000 31.586065
1.000000 3.000000 33.788561
1.000000 4.000000 35.079057
1.000000 5.000000 35.920181
1.000000 6.000000 36.511273
1.000000 7.000000 36.949340
1.000000 8.000000 37.286644
1.000000 9.000000 37.553719
1.000000 10.000000 37.769582
1.000000 11.000000 37.946686
1.000000 12.000000 38.093512
1.000000 13.000000 38.216028
1.000000 14.000000 38.318532
1.000000 15.000000 38.404185
1.000000 16.000000 38.475339
1.000000 17.000000 38.533758
1.000000 18.000000 38.580765
1.000000 19.000000 38.617340
1.000000 20.000000 38.644186
1.000000 21.000000 38.661775
1.000000 22.000000 38.670374
1.000000 23.000000 38.670058
1.000000 24.000000 38.660710
1.000000 25.000000 38.642010
1.000000 26.000000 38.613403
1.000000 27.000000 38.574054
1.000000 28.000000 38.522772
1.000000 29.000000 38.457888
1.000000 30.000000 38.377078
1.000000 31.000000 38.277060
1.000000 32.000000 38.153105
1.000000 33.000000 37.998182
1.000000 34.000000 37.801365
1.000000 35.000000 37.544674
1.000000 36.000000 37.196155
1.000000 37.000000 36.693126
1.000000 38.000000 35.896648

2.000000 1.000000 20.359167
2.000000 2.000000 25.312666
2.000000 3.000000 28.489121
2.000000 4.000000 30.607485
2.000000 5.000000 32.090395
2.000000 6.000000 33.175570
2.000000 7.000000 33.999445
2.000000 8.000000 34.643517
2.000000 9.000000 35.158650
2.000000 10.000000 35.577925
2.000000 11.000000 35.923647
2.000000 12.000000 36.211336
2.000000 13.000000 36.452067
2.000000 14.000000 36.653916
2.000000 15.000000 36.822869
2.000000 16.000000 36.963412
2.000000 17.000000 37.078928
2.000000 18.000000 37.171963
2.000000 19.000000 37.244408
2.000000 20.000000 37.297628
2.000000 21.000000 37.332539
2.000000 22.000000 37.349662
2.000000 23.000000 37.349147
2.000000 24.000000 37.330774
2.000000 25.000000 37.293928
2.000000 26.000000 37.237549
2.000000 27.000000 37.160042
2.000000 28.000000 37.059144
2.000000 29.000000 36.931703
2.000000 30.000000 36.773365
2.000000 31.000000 36.578057
2.000000 32.000000 36.337180
2.000000 33.000000 36.038256
2.000000 34.000000 35.662604
2.000000 35.000000 35.181176
2.000000 36.000000 34.546820
2.000000 37.000000 33.679702
2.000000 38.000000 32.440792

3.000000 1.000000 16.156491
3.000000 2.000000 20.816310
3.000000 3.000000 24.247774
3.000000 4.000000 26.771368
3.000000 5.000000 28.658342
3.000000 6.000000 30.101169
3.000000 7.000000 31.229351
3.000000 8.000000 32.129327
3.000000 9.000000 32.859441
3.000000 10.000000 33.459819
3.000000 11.000000 33.958644
3.000000 12.000000 34.376116
3.000000 13.000000 34.726987
3.000000 14.000000 35.022197
3.000000 15.000000 35.269963
3.000000 16.000000 35.476513
3.000000 17.000000 35.646579
3.000000 18.000000 35.783749
3.000000 19.000000 35.890702
3.000000 20.000000 35.969380
3.000000 21.000000 36.021092
3.000000 22.000000 36.046589
3.000000 23.000000 36.046095
3.000000 24.000000 36.019310
3.000000 25.000000 35.965378
3.000000 26.000000 35.882821
3.000000 27.000000 35.769423
3.000000 28.000000 35.622057
3.000000 29.000000 35.436416
3.000000 30.000000 35.206620
3.000000 31.000000 34.924623
3.000000 32.000000 34.579301
3.000000 33.000000 34.155058
3.000000 34.000000 33.629621
3.000000 35.000000 32.970605
3.000000 36.000000 32.130247
3.000000 37.000000 31.038070
3.000000 38.000000 29.593386

4.000000 1.000000 13.352682
4.000000 2.000000 17.548308
4.000000 3.000000 20.914298
4.000000 4.000000 23.571871
4.000000 5.000000 25.670434
4.000000 6.000000 27.341414
4.000000 7.000000 28.687464
4.000000 8.000000 29.785000
4.000000 9.000000 30.689967
4.000000 10.000000 31.443266
4.000000 11.000000 32.074992
4.000000 12.000000 32.607499
4.000000 13.000000 33.057568
4.000000 14.000000 33.437920
4.000000 15.000000 33.758275
4.000000 16.000000 34.026098
4.000000 17.000000 34.247127
4.000000 18.000000 34.425751
4.000000 19.000000 34.565273
4.000000 20.000000 34.668097
4.000000 21.000000 34.735860
4.000000 22.000000 34.769506
4.000000 23.000000 34.769334
4.000000 24.000000 34.734992
4.000000 25.000000 34.665453
4.000000 26.000000 34.558933
4.000000 27.000000 34.412773
4.000000 28.000000 34.223246
4.000000 29.000000 33.985284
4.000000 30.000000 33.692078
4.000000 31.000000 33.334512
4.000000 32.000000 32.900345
4.000000 33.000000 32.373053
4.000000 34.000000 31.730218
4.000000 35.000000 30.941374
4.000000 36.000000 29.965494
4.000000 37.000000 28.748943
4.000000 38.000000 27.226632

5.000000 1.000000 11.360501
5.000000 2.000000 15.109944
5.000000 3.000000 18.289237
5.000000 4.000000 20.931384
5.000000 5.000000 23.110111
5.000000 6.000000 24.906588
5.000000 7.000000 26.394089
5.000000 8.000000 27.633243
5.000000 9.000000 28.672161
5.000000 10.000000 29.548287
5.000000 11.000000 30.290559
5.000000 12.000000 30.921320
5.000000 13.000000 31.457867
5.000000 14.000000 31.913641
5.000000 15.000000 32.299118
5.000000 16.000000 32.622475
5.000000 17.000000 32.890081
5.000000 18.000000 33.106857
5.000000 19.000000 33.276540
5.000000 20.000000 33.401876
5.000000 21.000000 33.484743
5.000000 22.000000 33.526243
5.000000 23.000000 33.526742
5.000000 24.000000 33.485873
5.000000 25.000000 33.402508
5.000000 26.000000 33.274686
5.000000 27.000000 33.099490
5.000000 28.000000 32.872871
5.000000 29.000000 32.589395
5.000000 30.000000 32.241896
5.000000 31.000000 31.821002
5.000000 32.000000 31.314512
5.000000 33.000000 30.706594
5.000000 34.000000 29.976821
5.000000 35.000000 29.099181
5.000000 36.000000 28.041412
5.000000 37.000000 26.765577
5.000000 38.000000 25.231584

6.000000 1.000000 9.879064
6.000000 2.000000 13.241730
6.000000 3.000000 16.201323
6.000000 4.000000 18.754318
6.000000 5.000000 20.932037
6.000000 6.000000 22.780739
6.000000 7.000000 24.349062
6.000000 8.000000 25.681723
6.000000 9.000000 26.817145
6.000000 10.000000 27.787163
6.000000 11.000000 28.617637
6.000000 12.000000 29.329354
6.000000 13.000000 29.938939
6.000000 14.000000 30.459658
6.000000 15.000000 30.902081
6.000000 16.000000 31.274604
6.000000 17.000000 31.583864
6.000000 18.000000 31.835054
6.000000 19.000000 32.032156
6.000000 20.000000 32.178122
6.000000 21.000000 32.274993
6.000000 22.000000 32.323982
6.000000 23.000000 32.325517
6.000000 24.000000 32.279249
6.000000 25.000000 32.184021
6.000000 26.000000 32.037813
6.000000 27.000000 31.837630
6.000000 28.000000 31.579352
6.000000 29.000000 31.257529
6.000000 30.000000 30.865108
6.000000 31.000000 30.393088
6.000000 32.000000 29.830109
6.000000 33.000000 29.161988
6.000000 34.000000 28.371293
6.000000 35.000000 27.437117
6.000000 36.000000 26.335395
6.000000 37.000000 25.040368
6.000000 38.000000 23.528001

7.000000 1.000000 8.739609
7.000000 2.000000 11.776590
7.000000 3.000000 14.520006
7.000000 4.000000 16.952528
7.000000 5.000000 19.082980
7.000000 6.000000 20.935267
7.000000 7.000000 22.539699
7.000000 8.000000 23.927442
7.000000 9.000000 25.127532
7.000000 10.000000 26.165584
7.000000 11.000000 27.063473
7.000000 12.000000 27.839520
7.000000 13.000000 28.508876
7.000000 14.000000 29.083972
7.000000 15.000000 29.574943
7.000000 16.000000 29.989995
7.000000 17.000000 30.335719
7.000000 18.000000 30.617338
7.000000 19.000000 30.838909
7.000000 20.000000 31.003464
7.000000 21.000000 31.113125
7.000000 22.000000 31.169175
7.000000 23.000000 31.172097
7.000000 24.000000 31.121583
7.000000 25.000000 31.016515
7.000000 26.000000 30.854916
7.000000 27.000000 30.633864
7.000000 28.000000 30.349377
7.000000 29.000000 29.996261
7.000000 30.000000 29.567919
7.000000 31.000000 29.056135
7.000000 32.000000 28.450847
7.000000 33.000000 27.739955
7.000000 34.000000 26.909247
7.000000 35.000000 25.942599
7.000000 36.000000 24.822683
7.000000 37.000000 23.532501
7.000000 38.000000 22.058044

8.000000 1.000000 7.840527
8.000000 2.000000 10.605017
8.000000 3.000000 13.149581
8.000000 4.000000 15.452810
8.000000 5.000000 17.512087
8.000000 6.000000 19.337651
8.000000 7.000000 20.947024
8.000000 8.000000 22.360812
8.000000 9.000000 23.599958
8.000000 10.000000 24.684167
8.000000 11.000000 25.631152
8.000000 12.000000 26.456376
8.000000 13.000000 27.173072
8.000000 14.000000 27.792412
8.000000 15.000000 28.323725
8.000000 16.000000 28.774715
8.000000 17.000000 29.151677
8.000000 18.000000 29.459672
8.000000 19.000000 29.702676
8.000000 20.000000 29.883698
8.000000 21.000000 30.004868
8.000000 22.000000 30.067497
8.000000 23.000000 30.072113
8.000000 24.000000 30.018471
8.000000 25.000000 29.905541
8.000000 26.000000 29.731472
8.000000 27.000000 29.493533
8.000000 28.000000 29.188032
8.000000 29.000000 28.810219
8.000000 30.000000 28.354172
8.000000 31.000000 27.812685
8.000000 32.000000 27.177189
8.000000 33.000000 26.437738
8.000000 34.000000 25.583140
8.000000 35.000000 24.601349
8.000000 36.000000 23.480237
8.000000 37.000000 22.208909
8.000000 38.000000 20.779600

9.000000 1.000000 7.117153
9.000000 2.000000 9.653368
9.000000 3.000000 12.020492
9.000000 4.000000 14.197042
9.000000 5.000000 16.174909
9.000000 6.000000 17.956224
9.000000 7.000000 19.549933
9.000000 8.000000 20.968826
9.000000 9.000000 22.227320
9.000000 10.000000 23.339974
9.000000 11.000000 24.320594
9.000000 12.000000 25.181759
9.000000 13.000000 25.934623
9.000000 14.000000 26.588881
9.000000 15.000000 27.152828
9.000000 16.000000 27.633463
9.000000 17.000000 28.036603
9.000000 18.000000 28.366998
9.000000 19.000000 28.628426
9.000000 20.000000 28.823786
9.000000 21.000000 28.955152
9.000000 22.000000 29.023831
9.000000 23.000000 29.030386
9.000000 24.000000 28.974646
9.000000 25.000000 28.855705
9.000000 26.000000 28.671898
9.000000 27.000000 28.420763
9.000000 28.000000 28.099000
9.000000 29.000000 27.702413
9.000000 30.000000 27.225864
9.000000 31.000000 26.663245
9.000000 32.000000 26.007488
9.000000 33.000000 25.250667
9.000000 34.000000 24.384226
9.000000 35.000000 23.399419
9.000000 36.000000 22.288008
9.000000 37.000000 21.043298
9.000000 38.000000 19.661442

10.000000 1.000000 6.526497
10.000000 2.000000 8.870810
10.000000 3.000000 11.081975
10.000000 4.000000 13.139959
10.000000 5.000000 15.034282
10.000000 6.000000 16.762405
10.000000 7.000000 18.327659
10.000000 8.000000 19.737239
10.000000 9.000000 21.000522
10.000000 10.000000 22.127814
10.000000 11.000000 23.129490
10.000000 12.000000 24.015444
10.000000 13.000000 24.794781
10.000000 14.000000 25.475660
10.000000 15.000000 26.065243
10.000000 16.000000 26.569705
10.000000 17.000000 26.994275
10.000000 18.000000 27.343288
10.000000 19.000000 27.620246
10.000000 20.000000 27.827865
10.000000 21.000000 27.968123
10.000000 22.000000 28.042291
10.000000 23.000000 28.050953
10.000000 24.000000 27.994022
10.000000 25.000000 27.870737
10.000000 26.000000 27.679651
10.000000 27.000000 27.418622
10.000000 28.000000 27.084791
10.000000 29.000000 26.674567
10.000000 30.000000 26.183627
10.000000 31.000000 25.606941
10.000000 32.000000 24.938850
10.000000 33.000000 24.173215
10.000000 34.000000 23.303680
10.000000 35.000000 22.324091
10.000000 36.000000 21.229079
10.000000 37.000000 20.014831
10.000000 38.000000 18.679991

11.000000 1.000000 6.038963
11.000000 2.000000 8.221401
11.000000 3.000000 10.296639
11.000000 4.000000 12.246538
11.000000 5.000000 14.059855
11.000000 6.000000 15.731452
11.000000 7.000000 17.261060
11.000000 8.000000 18.651950
11.000000 9.000000 19.909714
11.000000 10.000000 21.041271
11.000000 11.000000 22.054107
11.000000 12.000000 22.955747
11.000000 13.000000 23.753398
11.000000 14.000000 24.453735
11.000000 15.000000 25.062779
11.000000 16.000000 25.585840
11.000000 17.000000 26.027503
11.000000 18.000000 26.391635
11.000000 19.000000 26.681404
11.000000 20.000000 26.899306
11.000000 21.000000 27.047185
11.000000 22.000000 27.126255
11.000000 23.000000 27.137114
11.000000 24.000000 27.079754
11.000000 25.000000 26.953568
11.000000 26.000000 26.757347
11.000000 27.000000 26.489283
11.000000 28.000000 26.146975
11.000000 29.000000 25.727438
11.000000 30.000000 25.227135
11.000000 31.000000 24.642044
11.000000 32.000000 23.967758
11.000000 33.000000 23.199661
11.000000 34.000000 22.333189
11.000000 35.000000 21.364188
11.000000 36.000000 20.289384
11.000000 37.000000 19.106958
11.000000 38.000000 17.817147

12.000000 1.000000 5.633602
12.000000 2.000000 7.679192
12.000000 3.000000 9.636644
12.000000 4.000000 11.489697
12.000000 5.000000 13.227149
12.000000 6.000000 14.842490
12.000000 7.000000 16.333180
12.000000 8.000000 17.699785
12.000000 9.000000 18.945114
12.000000 10.000000 20.073448
12.000000 11.000000 21.089921
12.000000 12.000000 22.000038
12.000000 13.000000 22.809329
12.000000 14.000000 23.523103
12.000000 15.000000 24.146297
12.000000 16.000000 24.683372
12.000000 17.000000 25.138262
12.000000 18.000000 25.514343
12.000000 19.000000 25.814430
12.000000 20.000000 26.040770
12.000000 21.000000 26.195056
12.000000 22.000000 26.278430
12.000000 23.000000 26.291493
12.000000 24.000000 26.234313
12.000000 25.000000 26.106434
12.000000 26.000000 25.906885
12.000000 27.000000 25.634189
12.000000 28.000000 25.286389
12.000000 29.000000 24.861073
12.000000 30.000000 24.355433
12.000000 31.000000 23.766342
12.000000 32.000000 23.090475
12.000000 33.000000 22.324483
12.000000 34.000000 21.465228
12.000000 35.000000 20.510085
12.000000 36.000000 19.457313
12.000000 37.000000 18.306469
12.000000 38.000000 17.058825

13.000000 1.000000 5.295252
13.000000 2.000000 7.225122
13.000000 3.000000 9.081046
13.000000 4.000000 10.848457
13.000000 5.000000 12.516555
13.000000 6.000000 14.078177
13.000000 7.000000 15.529383
13.000000 8.000000 16.868899
13.000000 9.000000 18.097508
13.000000 10.000000 19.217486
13.000000 11.000000 20.232090
13.000000 12.000000 21.145156
13.000000 13.000000 21.960775
13.000000 14.000000 22.683052
13.000000 15.000000 23.315935
13.000000 16.000000 23.863090
13.000000 17.000000 24.327829
13.000000 18.000000 24.713047
13.000000 19.000000 25.021201
13.000000 20.000000 25.254289
13.000000 21.000000 25.413840
13.000000 22.000000 25.500916
13.000000 23.000000 25.516114
13.000000 24.000000 25.459570
13.000000 25.000000 25.330971
13.000000 26.000000 25.129569
13.000000 27.000000 24.854200
13.000000 28.000000 24.503317
13.000000 29.000000 24.075032
13.000000 30.000000 23.567182
13.000000 31.000000 22.977415
13.000000 32.000000 22.303317
13.000000 33.000000 21.542569
13.000000 34.000000 20.693155
13.000000 35.000000 19.753612
13.000000 36.000000 18.723315
13.000000 37.000000 17.602778
13.000000 38.000000 16.393951

14.000000 1.000000 5.012752
14.000000 2.000000 6.844996
14.000000 3.000000 8.613963
14.000000 4.000000 10.306528
14.000000 5.000000 11.912436
14.000000 6.000000 13.424280
14.000000 7.000000 14.837278
14.000000 8.000000 16.148917
14.000000 9.000000 17.358535
14.000000 10.000000 18.466896
14.000000 11.000000 19.475796
14.000000 12.000000 20.387721
14.000000 13.000000 21.205564
14.000000 14.000000 21.932396
14.000000 15.000000 22.571299
14.000000 16.000000 23.125226
14.000000 17.000000 23.596915
14.000000 18.000000 23.988814
14.000000 19.000000 24.303040
14.000000 20.000000 24.541344
14.000000 21.000000 24.705098
14.000000 22.000000 24.795281
14.000000 23.000000 24.812477
14.000000 24.000000 24.756882
14.000000 25.000000 24.628311
14.000000 26.000000 24.426220
14.000000 27.000000 24.149726
14.000000 28.000000 23.797648
14.000000 29.000000 23.368557
14.000000 30.000000 22.860847
14.000000 31.000000 22.272820
14.000000 32.000000 21.602808
14.000000 33.000000 20.849319
14.000000 34.000000 20.011211
14.000000 35.000000 19.087894
14.000000 36.000000 18.079555
14.000000 37.000000 16.987379
14.000000 38.000000 15.813753

15.000000 1.000000 4.777788
15.000000 2.000000 6.528149
15.000000 3.000000 8.223281
15.000000 4.000000 9.851258
15.000000 5.000000 11.402383
15.000000 6.000000 12.869229
15.000000 7.000000 14.246531
15.000000 8.000000 15.530957
15.000000 9.000000 16.720820
15.000000 10.000000 17.815769
15.000000 11.000000 18.816478
15.000000 12.000000 19.724369
15.000000 13.000000 20.541362
15.000000 14.000000 21.269670
15.000000 15.000000 21.911638
15.000000 16.000000 22.469601
15.000000 17.000000 22.945791
15.000000 18.000000 23.342255
15.000000 19.000000 23.660799
15.000000 20.000000 23.902950
15.000000 21.000000 24.069928
15.000000 22.000000 24.162632
15.000000 23.000000 24.181631
15.000000 24.000000 24.127169
15.000000 25.000000 23.999173
15.000000 26.000000 23.797274
15.000000 27.000000 23.520835
15.000000 28.000000 23.168991
15.000000 29.000000 22.740703
15.000000 30.000000 22.234828
15.000000 31.000000 21.650208
15.000000 32.000000 20.985777
15.000000 33.000000 20.240690
15.000000 34.000000 19.414475
15.000000 35.000000 18.507198
15.000000 36.000000 17.519633
15.000000 37.000000 16.453430
15.000000 38.000000 15.311261

16.000000 1.000000 4.584135
16.000000 2.000000 6.266532
16.000000 3.000000 7.899753
16.000000 4.000000 9.472839
16.000000 5.000000 10.976606
16.000000 6.000000 12.403724
16.000000 7.000000 13.748662
16.000000 8.000000 15.007558
16.000000 9.000000 16.178018
16.000000 10.000000 17.258880
16.000000 11.000000 18.249979
16.000000 12.000000 19.151916
16.000000 13.000000 19.965843
16.000000 14.000000 20.693286
16.000000 15.000000 21.335981
16.000000 16.000000 21.895749
16.000000 17.000000 22.374394
16.000000 18.000000 22.773616
16.000000 19.000000 23.094952
16.000000 20.000000 23.339729
16.000000 21.000000 23.509033
16.000000 22.000000 23.603688
16.000000 23.000000 23.624246
16.000000 24.000000 23.570989
16.000000 25.000000 23.443937
16.000000 26.000000 23.242868
16.000000 27.000000 22.967349
16.000000 28.000000 22.616777
16.000000 29.000000 22.190435
16.000000 30.000000 21.687556
16.000000 31.000000 21.107409
16.000000 32.000000 20.449401
16.000000 33.000000 19.713188
16.000000 34.000000 18.898803
16.000000 35.000000 18.006791
16.000000 36.000000 17.038348
16.000000 37.000000 15.995446
16.000000 38.000000 14.880937

17.000000 1.000000 4.427133
17.000000 2.000000 6.054092
17.000000 3.000000 7.636361
17.000000 4.000000 9.163738
17.000000 5.000000 10.627481
17.000000 6.000000 12.020397
17.000000 7.000000 13.336833
17.000000 8.000000 14.572597
17.000000 9.000000 15.724814
17.000000 10.000000 16.791754
17.000000 11.000000 17.772643
17.000000 12.000000 18.667471
17.000000 13.000000 19.476810
17.000000 14.000000 20.201649
17.000000 15.000000 20.843250
17.000000 16.000000 21.403022
17.000000 17.000000 21.882420
17.000000 18.000000 22.282863
17.000000 19.000000 22.605663
17.000000 20.000000 22.851980
17.000000 21.000000 23.022787
17.000000 22.000000 23.118841
17.000000 23.000000 23.140677
17.000000 24.000000 23.088605
17.000000 25.000000 22.962718
17.000000 26.000000 22.762911
17.000000 27.000000 22.488915
17.000000 28.000000 22.140335
17.000000 29.000000 21.716704
17.000000 30.000000 21.217550
17.000000 31.000000 20.642471
17.000000 32.000000 19.991231
17.000000 33.000000 19.263858
17.000000 34.000000 18.460756
17.000000 35.000000 17.582814
17.000000 36.000000 16.631523
17.000000 37.000000 15.609069
17.000000 38.000000 14.518414

18.000000 1.000000 4.303349
18.000000 2.000000 5.886341
18.000000 3.000000 7.427861
18.000000 4.000000 8.918271
18.000000 5.000000 10.349183
18.000000 6.000000 11.713549
18.000000 7.000000 13.005678
18.000000 8.000000 14.221183
18.000000 9.000000 15.356886
18.000000 10.000000 16.410678
18.000000 11.000000 17.381368
18.000000 12.000000 18.268515
18.000000 13.000000 19.072276
18.000000 14.000000 19.793251
18.000000 15.000000 20.432347
18.000000 16.000000 20.990667
18.000000 17.000000 21.469402
18.000000 18.000000 21.869752
18.000000 19.000000 22.192856
18.000000 20.000000 22.439743
18.000000 21.000000 22.611293
18.000000 22.000000 22.708212
18.000000 23.000000 22.731017
18.000000 24.000000 22.680037
18.000000 25.000000 22.555417
18.000000 26.000000 22.357143
18.000000 27.000000 22.085066
18.000000 28.000000 21.738944
18.000000 29.000000 21.318498
18.000000 30.000000 20.823468
18.000000 31.000000 20.253694
18.000000 32.000000 19.609193
18.000000 33.000000 18.890258
18.000000 34.000000 18.097548
18.000000 35.000000 17.232188
18.000000 36.000000 16.295861
18.000000 37.000000 15.290892
18.000000 38.000000 14.220303

19.000000 1.000000 4.210327
19.000000 2.000000 5.760064
19.000000 3.000000 7.270470
19.000000 4.000000 8.732301
19.000000 5.000000 10.137431
19.000000 6.000000 11.478940
19.000000 7.000000 12.751146
19.000000 8.000000 13.949571
19.000000 9.000000 15.070869
19.000000 10.000000 16.112706
19.000000 11.000000 17.073634
19.000000 12.000000 17.952947
19.000000 13.000000 18.750530
19.000000 14.000000 19.466730
19.000000 15.000000 20.102221
19.000000 16.000000 20.657898
19.000000 17.000000 21.134770
19.000000 18.000000 21.533886
19.000000 19.000000 21.856266
19.000000 20.000000 22.102842
19.000000 21.000000 22.274431
19.000000 22.000000 22.371696
19.000000 23.000000 22.395142
19.000000 24.000000 22.345107
19.000000 25.000000 22.221772
19.000000 26.000000 22.025179
19.000000 27.000000 21.755261
19.000000 28.000000 21.411878
19.000000 29.000000 20.994874
19.000000 30.000000 20.504131
19.000000 31.000000 19.939642
19.000000 32.000000 19.301591
19.000000 33.000000 18.590434
19.000000 34.000000 17.806990
19.000000 35.000000 16.952527
19.000000 36.000000 16.028843
19.000000 37.000000 15.038335
19.000000 38.000000 13.984050

20.000000 1.000000 4.146442
20.000000 2.000000 5.673119
20.000000 3.000000 7.161653
20.000000 4.000000 8.603033
20.000000 5.000000 9.989299
20.000000 6.000000 11.313634
20.000000 7.000000 12.570394
20.000000 8.000000 13.755088
20.000000 9.000000 14.864311
20.000000 10.000000 15.895641
20.000000 11.000000 16.847517
20.000000 12.000000 17.719106
20.000000 13.000000 18.510167
20.000000 14.000000 19.220917
20.000000 15.000000 19.851911
20.000000 16.000000 20.403932
20.000000 17.000000 20.877893
20.000000 18.000000 21.274759
20.000000 19.000000 21.595478
20.000000 20.000000 21.840931
20.000000 21.000000 22.011891
20.000000 22.000000 22.109000
20.000000 23.000000 22.132748
20.000000 24.000000 22.083477
20.000000 25.000000 21.961385
20.000000 26.000000 21.766541
20.000000 27.000000 21.498919
20.000000 28.000000 21.158434
20.000000 29.000000 20.744989
20.000000 30.000000 20.258539
20.000000 31.000000 19.699153
20.000000 32.000000 19.067094
20.000000 33.000000 18.362896
20.000000 34.000000 17.587451
20.000000 35.000000 16.742088
20.000000 36.000000 15.828648
20.000000 37.000000 14.849553
20.000000 38.000000 13.807847

21.000000 1.000000 4.110794
21.000000 2.000000 5.624317
21.000000 3.000000 7.099990
21.000000 4.000000 8.528879
21.000000 5.000000 9.903099
21.000000 6.000000 11.215902
21.000000 7.000000 12.461707
21.000000 8.000000 13.636076
21.000000 9.000000 14.735648
21.000000 10.000000 15.758031
21.000000 11.000000 16.701687
21.000000 12.000000 17.565795
21.000000 13.000000 18.350115
21.000000 14.000000 19.054860
21.000000 15.000000 19.680574
21.000000 16.000000 20.228026
21.000000 17.000000 20.698111
21.000000 18.000000 21.091778
21.000000 19.000000 21.409956
21.000000 20.000000 21.653512
21.000000 21.000000 21.823204
21.000000 22.000000 21.919663
21.000000 23.000000 21.943373
21.000000 24.000000 21.894670
21.000000 25.000000 21.773749
21.000000 26.000000 21.580681
21.000000 27.000000 21.315441
21.000000 28.000000 20.977949
21.000000 29.000000 20.568110
21.000000 30.000000 20.085883
21.000000 31.000000 19.531338
21.000000 32.000000 18.904736
21.000000 33.000000 18.206606
21.000000 34.000000 17.437830
21.000000 35.000000 16.599724
21.000000 36.000000 15.694110
21.000000 37.000000 14.723384
21.000000 38.000000 13.690561

22.000000 1.000000 4.103171
22.000000 2.000000 5.613366
22.000000 3.000000 7.085110
22.000000 4.000000 8.509394
22.000000 5.000000 9.878317
22.000000 6.000000 11.185168
22.000000 7.000000 12.424456
22.000000 8.000000 13.591863
22.000000 9.000000 14.684172
22.000000 10.000000 15.699147
22.000000 11.000000 16.635406
22.000000 12.000000 17.492271
22.000000 13.000000 18.269638
22.000000 14.000000 18.967833
22.000000 15.000000 19.587500
22.000000 16.000000 20.129486
22.000000 17.000000 20.594749
22.000000 18.000000 20.984285
22.000000 19.000000 21.299058
22.000000 20.000000 21.539955
22.000000 21.000000 21.707750
22.000000 22.000000 21.803075
22.000000 23.000000 21.826411
22.000000 24.000000 21.778080
22.000000 25.000000 21.658259
22.000000 26.000000 21.466992
22.000000 27.000000 21.204217
22.000000 28.000000 20.869809
22.000000 29.000000 20.463621
22.000000 30.000000 19.985545
22.000000 31.000000 19.435580
22.000000 32.000000 18.813905
22.000000 33.000000 18.120961
22.000000 34.000000 17.357540
22.000000 35.000000 16.524868
22.000000 36.000000 15.624683
22.000000 37.000000 14.659311
22.000000 38.000000 13.631713

23.000000 1.000000 4.124042
23.000000 2.000000 5.640866
23.000000 3.000000 7.117689
23.000000 4.000000 8.545271
23.000000 5.000000 9.915605
23.000000 6.000000 11.222000
23.000000 7.000000 12.459085
23.000000 8.000000 13.622748
23.000000 9.000000 14.710029
23.000000 10.000000 15.718981
23.000000 11.000000 16.648517
23.000000 12.000000 17.498247
23.000000 13.000000 18.268331
23.000000 14.000000 18.959336
23.000000 15.000000 19.572108
23.000000 16.000000 20.107667
23.000000 17.000000 20.567115
23.000000 18.000000 20.951554
23.000000 19.000000 21.262034
23.000000 20.000000 21.499502
23.000000 21.000000 21.664766
23.000000 22.000000 21.758478
23.000000 23.000000 21.781114
23.000000 24.000000 21.732981
23.000000 25.000000 21.614216
23.000000 26.000000 21.424810
23.000000 27.000000 21.164627
23.000000 28.000000 20.833449
23.000000 29.000000 20.431018
23.000000 30.000000 19.957096
23.000000 31.000000 19.411532
23.000000 32.000000 18.794342
23.000000 33.000000 18.105794
23.000000 34.000000 17.346502
23.000000 35.000000 16.517524
23.000000 36.000000 15.620445
23.000000 37.000000 14.657465
23.000000 38.000000 13.631463

24.000000 1.000000 4.174604
24.000000 2.000000 5.708367
24.000000 3.000000 7.199510
24.000000 4.000000 8.638395
24.000000 5.000000 10.016831
24.000000 6.000000 11.328141
24.000000 7.000000 12.567135
24.000000 8.000000 13.730014
24.000000 9.000000 14.814215
24.000000 10.000000 15.818233
24.000000 11.000000 16.741434
24.000000 12.000000 17.583869
24.000000 13.000000 18.346104
24.000000 14.000000 19.029070
24.000000 15.000000 19.633928
24.000000 16.000000 20.161962
24.000000 17.000000 20.614488
24.000000 18.000000 20.992782
24.000000 19.000000 21.298024
24.000000 20.000000 21.531252
24.000000 21.000000 21.693336
24.000000 22.000000 21.784954
24.000000 23.000000 21.806588
24.000000 24.000000 21.758513
24.000000 25.000000 21.640816
24.000000 26.000000 21.453403
24.000000 27.000000 21.196031
24.000000 28.000000 20.868342
24.000000 29.000000 20.469907
24.000000 30.000000 20.000289
24.000000 31.000000 19.459111
24.000000 32.000000 18.846136
24.000000 33.000000 18.161369
24.000000 34.000000 17.405152
24.000000 35.000000 16.578280
24.000000 36.000000 15.682106
24.000000 37.000000 14.718642
24.000000 38.000000 13.690644

25.000000 1.000000 4.256881
25.000000 2.000000 5.818488
25.000000 3.000000 7.333587
25.000000 4.000000 8.791969
25.000000 5.000000 10.185185
25.000000 6.000000 11.506598
25.000000 7.000000 12.751302
25.000000 8.000000 13.915959
25.000000 9.000000 14.998583
25.000000 10.000000 15.998301
25.000000 11.000000 16.915116
25.000000 12.000000 17.749690
25.000000 13.000000 18.503148
25.000000 14.000000 19.176913
25.000000 15.000000 19.772572
25.000000 16.000000 20.291764
25.000000 17.000000 20.736093
25.000000 18.000000 21.107064
25.000000 19.000000 21.406027
25.000000 20.000000 21.634146
25.000000 21.000000 21.792370
25.000000 22.000000 21.881417
25.000000 23.000000 21.901769
25.000000 24.000000 21.853669
25.000000 25.000000 21.737131
25.000000 26.000000 21.551956
25.000000 27.000000 21.297754
25.000000 28.000000 20.973980
25.000000 29.000000 20.579979
25.000000 30.000000 20.115044
25.000000 31.000000 19.578485
25.000000 32.000000 18.969724
25.000000 33.000000 18.288394
25.000000 34.000000 17.534457
25.000000 35.000000 16.708338
25.000000 36.000000 15.811056
25.000000 37.000000 14.844354
25.000000 38.000000 13.810810

26.000000 1.000000 4.373880
26.000000 2.000000 5.975117
26.000000 3.000000 7.524384
26.000000 4.000000 9.010707
26.000000 5.000000 10.425341
26.000000 6.000000 11.761764
26.000000 7.000000 13.015515
26.000000 8.000000 14.183937
26.000000 9.000000 15.265858
26.000000 10.000000 16.261271
26.000000 11.000000 17.171040
26.000000 12.000000 17.996627
26.000000 13.000000 18.739883
26.000000 14.000000 19.402861
26.000000 15.000000 19.987683
26.000000 16.000000 20.496428
26.000000 17.000000 20.931057
26.000000 18.000000 21.293352
26.000000 19.000000 21.584874
26.000000 20.000000 21.806935
26.000000 21.000000 21.960580
26.000000 22.000000 22.046575
26.000000 23.000000 22.065401
26.000000 24.000000 22.017262
26.000000 25.000000 21.902083
26.000000 26.000000 21.719535
26.000000 27.000000 21.469048
26.000000 28.000000 21.149846
26.000000 29.000000 20.760987
26.000000 30.000000 20.301420
26.000000 31.000000 19.770062
26.000000 32.000000 19.165882
26.000000 33.000000 18.488025
26.000000 34.000000 17.735944
26.000000 35.000000 16.909560
26.000000 36.000000 16.009427
26.000000 37.000000 15.036908
26.000000 38.000000 13.994327

27.000000 1.000000 4.529847
27.000000 2.000000 6.183715
27.000000 3.000000 7.778123
27.000000 4.000000 9.301136
27.000000 5.000000 10.743710
27.000000 6.000000 12.099600
27.000000 7.000000 13.365057
27.000000 8.000000 14.538416
27.000000 9.000000 15.619639
27.000000 10.000000 16.609888
27.000000 11.000000 17.511144
27.000000 12.000000 18.325897
27.000000 13.000000 19.056896
27.000000 14.000000 19.706967
27.000000 15.000000 20.278870
27.000000 16.000000 20.775209
27.000000 17.000000 21.198356
27.000000 18.000000 21.550413
27.000000 19.000000 21.833182
27.000000 20.000000 22.048141
27.000000 21.000000 22.196442
27.000000 22.000000 22.278901
27.000000 23.000000 22.296001
27.000000 24.000000 22.247893
27.000000 25.000000 22.134405
27.000000 26.000000 21.955054
27.000000 27.000000 21.709058
27.000000 28.000000 21.395368
27.000000 29.000000 21.012700
27.000000 30.000000 20.559590
27.000000 31.000000 20.034459
27.000000 32.000000 19.435716
27.000000 33.000000 18.761880
27.000000 34.000000 18.011736
27.000000 35.000000 17.184529
27.000000 36.000000 16.280183
27.000000 37.000000 15.299524
27.000000 38.000000 14.244506

28.000000 1.000000 4.730640
28.000000 2.000000 6.451772
28.000000 3.000000 8.103258
28.000000 4.000000 9.672004
28.000000 5.000000 11.148763
28.000000 6.000000 12.527869
28.000000 7.000000 13.806699
28.000000 8.000000 14.985031
28.000000 9.000000 16.064395
28.000000 10.000000 17.047496
28.000000 11.000000 17.937752
28.000000 12.000000 18.738919
28.000000 13.000000 19.454838
28.000000 14.000000 20.089239
28.000000 15.000000 20.645623
28.000000 16.000000 21.127180
28.000000 17.000000 21.536744
28.000000 18.000000 21.876764
28.000000 19.000000 22.149299
28.000000 20.000000 22.356005
28.000000 21.000000 22.498145
28.000000 22.000000 22.576586
28.000000 23.000000 22.591807
28.000000 24.000000 22.543904
28.000000 25.000000 22.432592
28.000000 26.000000 22.257216
28.000000 27.000000 22.016762
28.000000 28.000000 21.709868
28.000000 29.000000 21.334858
28.000000 30.000000 20.889779
28.000000 31.000000 20.372469
28.000000 32.000000 19.780645
28.000000 33.000000 19.112042
28.000000 34.000000 18.364589
28.000000 35.000000 17.536639
28.000000 36.000000 16.627251
28.000000 37.000000 15.636500
28.000000 38.000000 14.565792

29.000000 1.000000 4.984291
29.000000 2.000000 6.789476
29.000000 3.000000 8.511132
29.000000 4.000000 10.134858
29.000000 5.000000 11.651470
29.000000 6.000000 13.056412
29.000000 7.000000 14.348839
29.000000 8.000000 15.530615
29.000000 9.000000 16.605412
29.000000 10.000000 17.577952
29.000000 11.000000 18.453446
29.000000 12.000000 19.237191
29.000000 13.000000 19.934298
29.000000 14.000000 20.549529
29.000000 15.000000 21.087203
29.000000 16.000000 21.551145
29.000000 17.000000 21.944674
29.000000 18.000000 22.270601
29.000000 19.000000 22.531244
29.000000 20.000000 22.728436
29.000000 21.000000 22.863546
29.000000 22.000000 22.937490
29.000000 23.000000 22.950739
29.000000 24.000000 22.903323
29.000000 25.000000 22.794842
29.000000 26.000000 22.624458
29.000000 27.000000 22.390904
29.000000 28.000000 22.092484
29.000000 29.000000 21.727083
29.000000 30.000000 21.292201
29.000000 31.000000 20.784992
29.000000 32.000000 20.202353
29.000000 33.000000 19.541055
29.000000 34.000000 18.797938
29.000000 35.000000 17.970187
29.000000 36.000000 17.055683
29.000000 37.000000 16.053433
29.000000 38.000000 14.964027

30.000000 1.000000 5.301867
30.000000 2.000000 7.210708
30.000000 3.000000 9.016937
30.000000 4.000000 10.704825
30.000000 5.000000 12.265846
30.000000 6.000000 13.697473
30.000000 7.000000 15.001628
30.000000 8.000000 16.183179
30.000000 9.000000 17.248685
30.000000 10.000000 18.205453
30.000000 11.000000 19.060892
30.000000 12.000000 19.822101
30.000000 13.000000 20.495633
30.000000 14.000000 21.087377
30.000000 15.000000 21.602514
30.000000 16.000000 22.045524
30.000000 17.000000 22.420206
30.000000 18.000000 22.729724
30.000000 19.000000 22.976639
30.000000 20.000000 23.162948
30.000000 21.000000 23.290114
30.000000 22.000000 23.359091
30.000000 23.000000 23.370334
30.000000 24.000000 23.323809
30.000000 25.000000 23.218994
30.000000 26.000000 23.054871
30.000000 27.000000 22.829914
30.000000 28.000000 22.542079
30.000000 29.000000 22.188791
30.000000 30.000000 21.766949
30.000000 31.000000 21.272944
30.000000 32.000000 20.702719
30.000000 33.000000 20.051886
30.000000 34.000000 19.315923
30.000000 35.000000 18.490488
30.000000 36.000000 17.571861
30.000000 37.000000 16.557522
30.000000 38.000000 15.446824

31.000000 1.000000 5.698803
31.000000 2.000000 7.734553
31.000000 3.000000 9.641081
31.000000 4.000000 11.401659
31.000000 5.000000 13.009617
31.000000 6.000000 14.466005
31.000000 7.000000 15.777021
31.000000 8.000000 16.951789
31.000000 9.000000 18.000696
31.000000 10.000000 18.934283
31.000000 11.000000 19.762566
31.000000 12.000000 20.494687
31.000000 13.000000 21.138756
31.000000 14.000000 21.701830
31.000000 15.000000 22.189954
31.000000 16.000000 22.608229
31.000000 17.000000 22.960903
31.000000 18.000000 23.251450
31.000000 19.000000 23.482639
31.000000 20.000000 23.656602
31.000000 21.000000 23.774873
31.000000 22.000000 23.838426
31.000000 23.000000 23.847696
31.000000 24.000000 23.802584
31.000000 25.000000 23.702455
31.000000 26.000000 23.546117
31.000000 27.000000 23.331802
31.000000 28.000000 23.057126
31.000000 29.000000 22.719054
31.000000 30.000000 22.313861
31.000000 31.000000 21.837116
31.000000 32.000000 21.283694
31.000000 33.000000 20.647846
31.000000 34.000000 19.923379
31.000000 35.000000 19.103981
31.000000 36.000000 18.183751
31.000000 37.000000 17.157970
31.000000 38.000000 16.024087

32.000000 1.000000 6.197038
32.000000 2.000000 8.387621
32.000000 3.000000 10.411177
32.000000 4.000000 12.251113
32.000000 5.000000 13.904958
32.000000 6.000000 15.379909
32.000000 7.000000 16.688662
32.000000 8.000000 17.846258
32.000000 9.000000 18.868029
32.000000 10.000000 19.768416
32.000000 11.000000 20.560404
32.000000 12.000000 21.255324
32.000000 13.000000 21.862874
32.000000 14.000000 22.391236
32.000000 15.000000 22.847241
32.000000 16.000000 23.236534
32.000000 17.000000 23.563728
32.000000 18.000000 23.832532
32.000000 19.000000 24.045867
32.000000 20.000000 24.205948
32.000000 21.000000 24.314348
32.000000 22.000000 24.372044
32.000000 23.000000 24.379440
32.000000 24.000000 24.336378
32.000000 25.000000 24.242123
32.000000 26.000000 24.095341
32.000000 27.000000 23.894052
32.000000 28.000000 23.635571
32.000000 29.000000 23.316436
32.000000 30.000000 22.932323
32.000000 31.000000 22.477967
32.000000 32.000000 21.947095
32.000000 33.000000 21.332426
32.000000 34.000000 20.625767
32.000000 35.000000 19.818305
32.000000 36.000000 18.901190
32.000000 37.000000 17.866521
32.000000 38.000000 16.708766

33.000000 1.000000 6.828581
33.000000 2.000000 9.207714
33.000000 3.000000 11.364892
33.000000 4.000000 13.286659
33.000000 5.000000 14.979193
33.000000 6.000000 16.460011
33.000000 7.000000 17.751459
33.000000 8.000000 18.876553
33.000000 9.000000 19.856745
33.000000 10.000000 20.710949
33.000000 11.000000 21.455310
33.000000 12.000000 22.103333
33.000000 13.000000 22.666179
33.000000 14.000000 23.152997
33.000000 15.000000 23.571240
33.000000 16.000000 23.926941
33.000000 17.000000 24.224941
33.000000 18.000000 24.469084
33.000000 19.000000 24.662350
33.000000 20.000000 24.806975
33.000000 21.000000 24.904528
33.000000 22.000000 24.955961
33.000000 23.000000 24.961643
33.000000 24.000000 24.921364
33.000000 25.000000 24.834319
33.000000 26.000000 24.699072
33.000000 27.000000 24.513492
33.000000 28.000000 24.274669
33.000000 29.000000 23.978796
33.000000 30.000000 23.621030
33.000000 31.000000 23.195332
33.000000 32.000000 22.694293
33.000000 33.000000 22.108996
33.000000 34.000000 21.428958
33.000000 35.000000 20.642282
33.000000 36.000000 19.736185
33.000000 37.000000 18.698156
33.000000 38.000000 17.517943

34.000000 1.000000 7.641708
34.000000 2.000000 10.249764
34.000000 3.000000 12.554017
34.000000 4.000000 14.551437
34.000000 5.000000 16.265144
34.000000 6.000000 17.729485
34.000000 7.000000 18.980609
34.000000 8.000000 20.051750
34.000000 9.000000 20.971448
34.000000 10.000000 21.763327
34.000000 11.000000 22.446553
34.000000 12.000000 23.036517
34.000000 13.000000 23.545512
34.000000 14.000000 23.983335
34.000000 15.000000 24.357783
34.000000 16.000000 24.675046
34.000000 17.000000 24.940014
34.000000 18.000000 25.156511
34.000000 19.000000 25.327473
34.000000 20.000000 25.455075
34.000000 21.000000 25.540827
34.000000 22.000000 25.585629
34.000000 23.000000 25.589807
34.000000 24.000000 25.553116
34.000000 25.000000 25.474717
34.000000 26.000000 25.353135
34.000000 27.000000 25.186177
34.000000 28.000000 24.970818
34.000000 29.000000 24.703048
34.000000 30.000000 24.377670
34.000000 31.000000 23.988037
34.000000 32.000000 23.525750
34.000000 33.000000 22.980308
34.000000 34.000000 22.338788
34.000000 35.000000 21.585678
34.000000 36.000000 20.703113
34.000000 37.000000 19.671976
34.000000 38.000000 18.474457

35.000000 1.000000 8.712418
35.000000 2.000000 11.595618
35.000000 3.000000 14.049975
35.000000 4.000000 16.099927
35.000000 5.000000 17.800463
35.000000 6.000000 19.212173
35.000000 7.000000 20.389742
35.000000 8.000000 21.378391
35.000000 9.000000 22.213970
35.000000 10.000000 22.924356
35.000000 11.000000 23.531060
35.000000 12.000000 24.050671
35.000000 13.000000 24.496016
35.000000 14.000000 24.877046
35.000000 15.000000 25.201509
35.000000 16.000000 25.475446
35.000000 17.000000 25.703557
35.000000 18.000000 25.889475
35.000000 19.000000 26.035955
35.000000 20.000000 26.145025
35.000000 21.000000 26.218075
35.000000 22.000000 26.255921
35.000000 23.000000 26.258842
35.000000 24.000000 26.226575
35.000000 25.000000 26.158299
35.000000 26.000000 26.052575
35.000000 27.000000 25.907262
35.000000 28.000000 25.719376
35.000000 29.000000 25.484909
35.000000 30.000000 25.198563
35.000000 31.000000 24.853397
35.000000 32.000000 24.440362
35.000000 33.000000 23.947696
35.000000 34.000000 23.360209
35.000000 35.000000 22.658528
35.000000 36.000000 21.818613
35.000000 37.000000 20.812178
35.000000 38.000000 19.609334

36.000000 1.000000 10.167087
36.000000 2.000000 13.370312
36.000000 3.000000 15.950340
36.000000 4.000000 17.997834
36.000000 5.000000 19.624608
36.000000 6.000000 20.929004
36.000000 7.000000 21.987797
36.000000 8.000000 22.858100
36.000000 9.000000 23.581687
36.000000 10.000000 24.189067
36.000000 11.000000 24.702658
36.000000 12.000000 25.139092
36.000000 13.000000 25.510836
36.000000 14.000000 25.827326
36.000000 15.000000 26.095763
36.000000 16.000000 26.321672
36.000000 17.000000 26.509295
36.000000 18.000000 26.661874
36.000000 19.000000 26.781849
36.000000 20.000000 26.870996
36.000000 21.000000 26.930526
36.000000 22.000000 26.961140
36.000000 23.000000 26.963063
36.000000 24.000000 26.936043
36.000000 25.000000 26.879327
36.000000 26.000000 26.791605
36.000000 27.000000 26.670919
36.000000 28.000000 26.514517
36.000000 29.000000 26.318650
36.000000 30.000000 26.078275
36.000000 31.000000 25.786627
36.000000 32.000000 25.434604
36.000000 33.000000 25.009907
36.000000 34.000000 24.495822
36.000000 35.000000 23.869614
36.000000 36.000000 23.100633
36.000000 37.000000 22.148788
36.000000 38.000000 20.965406

37.000000 1.000000 12.231187
37.000000 2.000000 15.768205
37.000000 3.000000 18.383238
37.000000 4.000000 20.316460
37.000000 5.000000 21.771131
37.000000 6.000000 22.891436
37.000000 7.000000 23.774341
37.000000 8.000000 24.484526
37.000000 9.000000 25.065611
37.000000 10.000000 25.547566
37.000000 11.000000 25.951414
37.000000 12.000000 26.292204
37.000000 13.000000 26.580909
37.000000 14.000000 26.825657
37.000000 15.000000 27.032544
37.000000 16.000000 27.206183
37.000000 17.000000 27.350077
37.000000 18.000000 27.466879
37.000000 19.000000 27.558570
37.000000 20.000000 27.626584
37.000000 21.000000 27.671892
37.000000 22.000000 27.695050
37.000000 23.000000 27.696228
37.000000 24.000000 27.675207
37.000000 25.000000 27.631361
37.000000 26.000000 27.563601
37.000000 27.000000 27.470292
37.000000 28.000000 27.349121
37.000000 29.000000 27.196899
37.000000 30.000000 27.009262
37.000000 31.000000 26.780230
37.000000 32.000000 26.501521
37.000000 33.000000 26.161506
37.000000 34.000000 25.743558
37.000000 35.000000 25.223472
37.000000 36.000000 24.565517
37.000000 37.000000 23.716936
37.000000 38.000000 22.602321

38.000000 1.000000 15.344963
38.000000 2.000000 19.088084
38.000000 3.000000 21.497946
38.000000 4.000000 23.113638
38.000000 5.000000 24.252020
38.000000 6.000000 25.091269
38.000000 7.000000 25.733605
38.000000 8.000000 26.240051
38.000000 9.000000 26.648665
38.000000 10.000000 26.984172
38.000000 11.000000 27.263227
38.000000 12.000000 27.497400
38.000000 13.000000 27.694940
38.000000 14.000000 27.861850
38.000000 15.000000 28.002574
38.000000 16.000000 28.120439
38.000000 17.000000 28.217951
38.000000 18.000000 28.296994
38.000000 19.000000 28.358967
38.000000 20.000000 28.404878
38.000000 21.000000 28.435408
38.000000 22.000000 28.450941
38.000000 23.000000 28.451590
38.000000 24.000000 28.437197
38.000000 25.000000 28.407309
38.000000 26.000000 28.361145
38.000000 27.000000 28.297526
38.000000 28.000000 28.214777
38.000000 29.000000 28.110562
38.000000 30.000000 27.981645
38.000000 31.000000 27.823509
38.000000 32.000000 27.629744
38.000000 33.000000 27.391039
38.000000 34.000000 27.093434
38.000000 35.000000 26.715197
38.000000 36.000000 26.221028
38.000000 37.000000 25.551117
38.000000 38.000000 24.601263

