1.000000 1.000000 27.185537
1.000000 2.000000 31.507238
1.000000 3.000000 33.688714
1.000000 4.000000 34.958587
1.000000 5.000000 35.779565
1.000000 6.000000 36.351067
1.000000 7.000000 36.770180
1.000000 8.000000 37.089237
1.000000 9.000000 37.338845
1.000000 10.000000 37.538090
1.000000 11.000000 37.699488
1.000000 12.000000 37.831582
1.000000 13.000000 37.940396
1.000000 14.000000 38.030281
1.000000 15.000000 38.104446
1.000000 16.000000 38.165286
1.000000 17.000000 38.214604
1.000000 18.000000 38.253757
1.000000 19.000000 38.283753
1.000000 20.000000 38.305319
1.000000 21.000000 38.318947
1.000000 22.000000 38.324916
1.000000 23.000000 38.323309
1.000000 24.000000 38.314014
1.000000 25.000000 38.296706
1.000000 26.000000 38.270824
1.000000 27.000000 38.235521
1.000000 28.000000 38.189588
1.000000 29.000000 38.131335
1.000000 30.000000 38.058410
1.000000 31.000000 37.967499
1.000000 32.000000 37.853838
1.000000 33.000000 37.710353
1.000000 34.000000 37.526076
1.000000 35.000000 37.282977
1.000000 36.000000 36.949049
1.000000 37.000000 36.461555
1.000000 38.000000 35.681494

2.000000 1.000000 20.244538
2.000000 2.000000 25.155505
2.000000 3.000000 28.290054
2.000000 4.000000 30.367299
2.000000 5.000000 31.810042
2.000000 6.000000 32.856162
2.000000 7.000000 33.642245
2.000000 8.000000 34.249938
2.000000 9.000000 34.730248
2.000000 10.000000 35.116389
2.000000 11.000000 35.430799
2.000000 12.000000 35.689115
2.000000 13.000000 35.902528
2.000000 14.000000 36.079219
2.000000 15.000000 36.225267
2.000000 16.000000 36.345247
2.000000 17.000000 36.442618
2.000000 18.000000 36.519993
2.000000 19.000000 36.579322
2.000000 20.000000 36.622017
2.000000 21.000000 36.649029
2.000000 22.000000 36.660908
2.000000 23.000000 36.657820
2.000000 24.000000 36.639550
2.000000 25.000000 36.605479
2.000000 26.000000 36.554534
2.000000 27.000000 36.485095
2.000000 28.000000 36.394861
2.000000 29.000000 36.280641
2.000000 30.000000 36.138022
2.000000 31.000000 35.960872
2.000000 32.000000 35.740518
2.000000 33.000000 35.464400
2.000000 34.000000 35.113750
2.000000 35.000000 34.659420
2.000000 36.000000 34.054155
2.000000 37.000000 33.218008
2.000000 38.000000 32.011830

3.000000 1.000000 15.985445
3.000000 2.000000 20.581800
3.000000 3.000000 23.950731
3.000000 4.000000 26.412969
3.000000 5.000000 28.240008
3.000000 6.000000 29.624557
3.000000 7.000000 30.696348
3.000000 8.000000 31.542040
3.000000 9.000000 32.220191
3.000000 10.000000 32.771129
3.000000 11.000000 33.223229
3.000000 12.000000 33.596874
3.000000 13.000000 33.906981
3.000000 14.000000 34.164649
3.000000 15.000000 34.378238
3.000000 16.000000 34.554104
3.000000 17.000000 34.697095
3.000000 18.000000 34.810898
3.000000 19.000000 34.898280
3.000000 20.000000 34.961251
3.000000 21.000000 35.001178
3.000000 22.000000 35.018850
3.000000 23.000000 35.014516
3.000000 24.000000 34.987885
3.000000 25.000000 34.938094
3.000000 26.000000 34.863645
3.000000 27.000000 34.762285
3.000000 28.000000 34.630834
3.000000 29.000000 34.464919
3.000000 30.000000 34.258580
3.000000 31.000000 34.003676
3.000000 32.000000 33.688978
3.000000 33.000000 33.298766
3.000000 34.000000 32.810636
3.000000 35.000000 32.192055
3.000000 36.000000 31.395106
3.000000 37.000000 30.349143
3.000000 38.000000 28.953302

4.000000 1.000000 13.126288
4.000000 2.000000 17.237916
4.000000 3.000000 20.521137
4.000000 4.000000 23.097502
4.000000 5.000000 25.116736
4.000000 6.000000 26.710580
4.000000 7.000000 27.981992
4.000000 8.000000 29.007680
4.000000 9.000000 29.843869
4.000000 10.000000 30.531731
4.000000 11.000000 31.101613
4.000000 12.000000 31.576110
4.000000 13.000000 31.972226
4.000000 14.000000 32.302888
4.000000 15.000000 32.578006
4.000000 16.000000 32.805216
4.000000 17.000000 32.990409
4.000000 18.000000 33.138106
4.000000 19.000000 33.251723
4.000000 20.000000 33.333758
4.000000 21.000000 33.385922
4.000000 22.000000 33.409212
4.000000 23.000000 33.403957
4.000000 24.000000 33.369819
4.000000 25.000000 33.305762
4.000000 26.000000 33.209973
4.000000 27.000000 33.079745
4.000000 28.000000 32.911283
4.000000 29.000000 32.699429
4.000000 30.000000 32.437271
4.000000 31.000000 32.115566
4.000000 32.000000 31.721931
4.000000 33.000000 31.239683
4.000000 34.000000 30.646225
4.000000 35.000000 29.910902
4.000000 36.000000 28.992476
4.000000 37.000000 27.837093
4.000000 38.000000 26.379429

5.000000 1.000000 11.080176
5.000000 2.000000 14.725610
5.000000 3.000000 17.802419
5.000000 4.000000 20.344012
5.000000 5.000000 22.424512
5.000000 6.000000 24.125479
5.000000 7.000000 25.520561
5.000000 8.000000 26.670751
5.000000 9.000000 27.624507
5.000000 10.000000 28.419607
5.000000 11.000000 29.085303
5.000000 12.000000 29.644235
5.000000 13.000000 30.113976
5.000000 14.000000 30.508223
5.000000 15.000000 30.837687
5.000000 16.000000 31.110757
5.000000 17.000000 31.333989
5.000000 18.000000 31.512470
5.000000 19.000000 31.650078
5.000000 20.000000 31.749673
5.000000 21.000000 31.813225
5.000000 22.000000 31.841901
5.000000 23.000000 31.836107
5.000000 24.000000 31.795490
5.000000 25.000000 31.718913
5.000000 26.000000 31.604379
5.000000 27.000000 31.448910
5.000000 28.000000 31.248373
5.000000 29.000000 30.997226
5.000000 30.000000 30.688170
5.000000 31.000000 30.311680
5.000000 32.000000 29.855378
5.000000 33.000000 29.303233
5.000000 34.000000 28.634601
5.000000 35.000000 27.823230
5.000000 36.000000 26.836603
5.000000 37.000000 25.636507
5.000000 38.000000 24.182560

6.000000 1.000000 9.546561
6.000000 2.000000 12.785858
6.000000 3.000000 15.623890
6.000000 4.000000 18.057614
6.000000 5.000000 20.118824
6.000000 6.000000 21.854237
6.000000 7.000000 23.312939
6.000000 8.000000 24.540076
6.000000 9.000000 25.574485
6.000000 10.000000 26.448396
6.000000 11.000000 27.188040
6.000000 12.000000 27.814557
6.000000 13.000000 28.344901
6.000000 14.000000 28.792642
6.000000 15.000000 29.168625
6.000000 16.000000 29.481500
6.000000 17.000000 29.738128
6.000000 18.000000 29.943895
6.000000 19.000000 30.102951
6.000000 20.000000 30.218385
6.000000 21.000000 30.292345
6.000000 22.000000 30.326123
6.000000 23.000000 30.320193
6.000000 24.000000 30.274224
6.000000 25.000000 30.187048
6.000000 26.000000 30.056601
6.000000 27.000000 29.879816
6.000000 28.000000 29.652475
6.000000 29.000000 29.368999
6.000000 30.000000 29.022177
6.000000 31.000000 28.602827
6.000000 32.000000 28.099376
6.000000 33.000000 27.497410
6.000000 34.000000 26.779236
6.000000 35.000000 25.923665
6.000000 36.000000 24.906326
6.000000 37.000000 23.701137
6.000000 38.000000 22.283716

7.000000 1.000000 8.357006
7.000000 2.000000 11.252029
7.000000 3.000000 13.855567
7.000000 4.000000 16.150847
7.000000 5.000000 18.147234
7.000000 6.000000 19.869162
7.000000 7.000000 21.347455
7.000000 8.000000 22.613774
7.000000 9.000000 23.697631
7.000000 10.000000 24.625094
7.000000 11.000000 25.418468
7.000000 12.000000 26.096477
7.000000 13.000000 26.674652
7.000000 14.000000 27.165774
7.000000 15.000000 27.580295
7.000000 16.000000 27.926711
7.000000 17.000000 28.211871
7.000000 18.000000 28.441223
7.000000 19.000000 28.619015
7.000000 20.000000 28.748437
7.000000 21.000000 28.831736
7.000000 22.000000 28.870282
7.000000 23.000000 28.864614
7.000000 24.000000 28.814445
7.000000 25.000000 28.718641
7.000000 26.000000 28.575178
7.000000 27.000000 28.381050
7.000000 28.000000 28.132162
7.000000 29.000000 27.823170
7.000000 30.000000 27.447298
7.000000 31.000000 26.996119
7.000000 32.000000 26.459330
7.000000 33.000000 25.824560
7.000000 34.000000 25.077300
7.000000 35.000000 24.201101
7.000000 36.000000 23.178284
7.000000 37.000000 21.991477
7.000000 38.000000 20.626272

8.000000 1.000000 7.410213
8.000000 2.000000 10.015041
8.000000 3.000000 12.402286
8.000000 4.000000 14.551158
8.000000 5.000000 16.459652
8.000000 6.000000 18.138601
8.000000 7.000000 19.606106
8.000000 8.000000 20.883329
8.000000 9.000000 21.991746
8.000000 10.000000 22.951575
8.000000 11.000000 23.781012
8.000000 12.000000 24.495973
8.000000 13.000000 25.110118
8.000000 14.000000 25.635011
8.000000 15.000000 26.080339
8.000000 16.000000 26.454135
8.000000 17.000000 26.762981
8.000000 18.000000 27.012191
8.000000 19.000000 27.205957
8.000000 20.000000 27.347465
8.000000 21.000000 27.438984
8.000000 22.000000 27.481926
8.000000 23.000000 27.476881
8.000000 24.000000 27.423626
8.000000 25.000000 27.321116
8.000000 26.000000 27.167444
8.000000 27.000000 26.959787
8.000000 28.000000 26.694324
8.000000 29.000000 26.366138
8.000000 30.000000 25.969103
8.000000 31.000000 25.495779
8.000000 32.000000 24.937324
8.000000 33.000000 24.283488
8.000000 34.000000 23.522744
8.000000 35.000000 22.642681
8.000000 36.000000 21.630777
8.000000 37.000000 20.475713
8.000000 38.000000 19.169281

9.000000 1.000000 6.641813
9.000000 2.000000 9.001661
9.000000 3.000000 11.195004
9.000000 4.000000 13.201047
9.000000 5.000000 15.012353
9.000000 6.000000 16.631713
9.000000 7.000000 18.068709
9.000000 8.000000 19.336747
9.000000 9.000000 20.450834
9.000000 10.000000 21.426093
9.000000 11.000000 22.276864
9.000000 12.000000 23.016230
9.000000 13.000000 23.655812
9.000000 14.000000 24.205740
9.000000 15.000000 24.674706
9.000000 16.000000 25.070069
9.000000 17.000000 25.397965
9.000000 18.000000 25.663423
9.000000 19.000000 25.870461
9.000000 20.000000 26.022172
9.000000 21.000000 26.120785
9.000000 22.000000 26.167718
9.000000 23.000000 26.163601
9.000000 24.000000 26.108288
9.000000 25.000000 26.000857
9.000000 26.000000 25.839580
9.000000 27.000000 25.621896
9.000000 28.000000 25.344360
9.000000 29.000000 25.002592
9.000000 30.000000 24.591231
9.000000 31.000000 24.103907
9.000000 32.000000 23.533252
9.000000 33.000000 22.871004
9.000000 34.000000 22.108239
9.000000 35.000000 21.235803
9.000000 36.000000 20.245027
9.000000 37.000000 19.128747
9.000000 38.000000 17.882625

10.000000 1.000000 6.009095
10.000000 2.000000 8.161436
10.000000 3.000000 10.183442
10.000000 4.000000 12.055831
10.000000 5.000000 13.768855
10.000000 6.000000 15.320691
10.000000 7.000000 16.715365
10.000000 8.000000 17.960741
10.000000 9.000000 19.066839
10.000000 10.000000 20.044578
10.000000 11.000000 20.904916
10.000000 12.000000 21.658292
10.000000 13.000000 22.314323
10.000000 14.000000 22.881640
10.000000 15.000000 23.367837
10.000000 16.000000 23.779481
10.000000 17.000000 24.122149
10.000000 18.000000 24.400480
10.000000 19.000000 24.618234
10.000000 20.000000 24.778342
10.000000 21.000000 24.882949
10.000000 22.000000 24.933445
10.000000 23.000000 24.930491
10.000000 24.000000 24.874025
10.000000 25.000000 24.763267
10.000000 26.000000 24.596706
10.000000 27.000000 24.372087
10.000000 28.000000 24.086396
10.000000 29.000000 23.735842
10.000000 30.000000 23.315859
10.000000 31.000000 22.821131
10.000000 32.000000 22.245672
10.000000 33.000000 21.582978
10.000000 34.000000 20.826293
10.000000 35.000000 19.969020
10.000000 36.000000 19.005316
10.000000 37.000000 17.930864
10.000000 38.000000 16.743768

11.000000 1.000000 5.482723
11.000000 2.000000 7.458779
11.000000 3.000000 9.330660
11.000000 4.000000 11.081031
11.000000 5.000000 12.699441
11.000000 6.000000 14.181519
11.000000 7.000000 15.527742
11.000000 8.000000 16.742102
11.000000 9.000000 17.830882
11.000000 10.000000 18.801661
11.000000 11.000000 19.662549
11.000000 12.000000 20.421659
11.000000 13.000000 21.086748
11.000000 14.000000 21.664998
11.000000 15.000000 22.162896
11.000000 16.000000 22.586172
11.000000 17.000000 22.939784
11.000000 18.000000 23.227928
11.000000 19.000000 23.454049
11.000000 20.000000 23.620873
11.000000 21.000000 23.730424
11.000000 22.000000 23.784046
11.000000 23.000000 23.782416
11.000000 24.000000 23.725556
11.000000 25.000000 23.612838
11.000000 26.000000 23.442982
11.000000 27.000000 23.214061
11.000000 28.000000 22.923507
11.000000 29.000000 22.568118
11.000000 30.000000 22.144098
11.000000 31.000000 21.647117
11.000000 32.000000 21.072416
11.000000 33.000000 20.414989
11.000000 34.000000 19.669837
11.000000 35.000000 18.832332
11.000000 36.000000 17.898694
11.000000 37.000000 16.866557
11.000000 38.000000 15.735581

12.000000 1.000000 5.041988
12.000000 2.000000 6.868070
12.000000 3.000000 8.609231
12.000000 4.000000 10.250067
12.000000 5.000000 11.780217
12.000000 6.000000 13.193985
12.000000 7.000000 14.489628
12.000000 8.000000 15.668477
12.000000 9.000000 16.734075
12.000000 10.000000 17.691405
12.000000 11.000000 18.546266
12.000000 12.000000 19.304789
12.000000 13.000000 19.973087
12.000000 14.000000 20.557010
12.000000 15.000000 21.061989
12.000000 16.000000 21.492932
12.000000 17.000000 21.854171
12.000000 18.000000 22.149431
12.000000 19.000000 22.381822
12.000000 20.000000 22.553836
12.000000 21.000000 22.667356
12.000000 22.000000 22.723663
12.000000 23.000000 22.723442
12.000000 24.000000 22.666793
12.000000 25.000000 22.553239
12.000000 26.000000 22.381731
12.000000 27.000000 22.150668
12.000000 28.000000 21.857912
12.000000 29.000000 21.500825
12.000000 30.000000 21.076319
12.000000 31.000000 20.580940
12.000000 32.000000 20.010993
12.000000 33.000000 19.362709
12.000000 34.000000 18.632489
12.000000 35.000000 17.817207
12.000000 36.000000 16.914578
12.000000 37.000000 15.923580
12.000000 38.000000 14.844873

13.000000 1.000000 4.671942
13.000000 2.000000 6.370543
13.000000 3.000000 7.998590
13.000000 4.000000 9.542414
13.000000 5.000000 10.992103
13.000000 6.000000 12.341354
13.000000 7.000000 13.587063
13.000000 8.000000 14.728762
13.000000 9.000000 15.768012
13.000000 10.000000 16.707824
13.000000 11.000000 17.552158
13.000000 12.000000 18.305508
13.000000 13.000000 18.972580
13.000000 14.000000 19.558049
13.000000 15.000000 20.066383
13.000000 16.000000 20.501720
13.000000 17.000000 20.867790
13.000000 18.000000 21.167857
13.000000 19.000000 21.404688
13.000000 20.000000 21.580538
13.000000 21.000000 21.697139
13.000000 22.000000 21.755698
13.000000 23.000000 21.756900
13.000000 24.000000 21.700916
13.000000 25.000000 21.587408
13.000000 26.000000 21.415550
13.000000 27.000000 21.184044
13.000000 28.000000 20.891154
13.000000 29.000000 20.534753
13.000000 30.000000 20.112383
13.000000 31.000000 19.621349
13.000000 32.000000 19.058845
13.000000 33.000000 18.422111
13.000000 34.000000 17.708646
13.000000 35.000000 16.916457
13.000000 36.000000 16.044347
13.000000 37.000000 15.092221
13.000000 38.000000 14.061382

14.000000 1.000000 4.361618
14.000000 2.000000 5.952272
14.000000 3.000000 7.483188
14.000000 4.000000 8.942187
14.000000 5.000000 10.319936
14.000000 6.000000 11.609929
14.000000 7.000000 12.808257
14.000000 8.000000 13.913250
14.000000 9.000000 14.925055
14.000000 10.000000 15.845208
14.000000 11.000000 16.676237
14.000000 12.000000 17.421316
14.000000 13.000000 18.083980
14.000000 14.000000 18.667898
14.000000 15.000000 19.176692
14.000000 16.000000 19.613809
14.000000 17.000000 19.982425
14.000000 18.000000 20.285371
14.000000 19.000000 20.525089
14.000000 20.000000 20.703601
14.000000 21.000000 20.822487
14.000000 22.000000 20.882879
14.000000 23.000000 20.885455
14.000000 24.000000 20.830444
14.000000 25.000000 20.717638
14.000000 26.000000 20.546408
14.000000 27.000000 20.315735
14.000000 28.000000 20.024239
14.000000 29.000000 19.670241
14.000000 30.000000 19.251826
14.000000 31.000000 18.766940
14.000000 32.000000 18.213503
14.000000 33.000000 17.589564
14.000000 34.000000 16.893473
14.000000 35.000000 16.124087
14.000000 36.000000 15.280997
14.000000 37.000000 14.364750
14.000000 38.000000 13.377058

15.000000 1.000000 4.102873
15.000000 2.000000 5.602819
15.000000 3.000000 7.051205
15.000000 4.000000 8.437085
15.000000 5.000000 9.751718
15.000000 6.000000 10.988610
15.000000 7.000000 12.143401
15.000000 8.000000 13.213633
15.000000 9.000000 14.198458
15.000000 10.000000 15.098325
15.000000 11.000000 15.914667
15.000000 12.000000 16.649617
15.000000 13.000000 17.305764
15.000000 14.000000 17.885937
15.000000 15.000000 18.393043
15.000000 16.000000 18.829930
15.000000 17.000000 19.199282
15.000000 18.000000 19.503543
15.000000 19.000000 19.744858
15.000000 20.000000 19.925032
15.000000 21.000000 20.045504
15.000000 22.000000 20.107328
15.000000 23.000000 20.111172
15.000000 24.000000 20.057315
15.000000 25.000000 19.945659
15.000000 26.000000 19.775749
15.000000 27.000000 19.546804
15.000000 28.000000 19.257754
15.000000 29.000000 18.907301
15.000000 30.000000 18.493984
15.000000 31.000000 18.016272
15.000000 32.000000 17.472673
15.000000 33.000000 16.861868
15.000000 34.000000 16.182858
15.000000 35.000000 15.435134
15.000000 36.000000 14.618854
15.000000 37.000000 13.735006
15.000000 38.000000 12.785561

16.000000 1.000000 3.889621
16.000000 2.000000 5.314332
16.000000 3.000000 6.693644
16.000000 4.000000 8.017602
16.000000 5.000000 9.278010
16.000000 6.000000 10.468496
16.000000 7.000000 11.584462
16.000000 8.000000 12.622945
16.000000 9.000000 13.582412
16.000000 10.000000 14.462527
16.000000 11.000000 15.263905
16.000000 12.000000 15.987879
16.000000 13.000000 16.636290
16.000000 14.000000 17.211295
16.000000 15.000000 17.715212
16.000000 16.000000 18.150388
16.000000 17.000000 18.519092
16.000000 18.000000 18.823434
16.000000 19.000000 19.065297
16.000000 20.000000 19.246297
16.000000 21.000000 19.367743
16.000000 22.000000 19.430622
16.000000 23.000000 19.435585
16.000000 24.000000 19.382950
16.000000 25.000000 19.272712
16.000000 26.000000 19.104560
16.000000 27.000000 18.877914
16.000000 28.000000 18.591961
16.000000 29.000000 18.245713
16.000000 30.000000 17.838078
16.000000 31.000000 17.367944
16.000000 32.000000 16.834278
16.000000 33.000000 16.236245
16.000000 34.000000 15.573339
16.000000 35.000000 14.845514
16.000000 36.000000 14.053330
16.000000 37.000000 13.198079
16.000000 38.000000 12.281891

17.000000 1.000000 3.717323
17.000000 2.000000 5.080919
17.000000 3.000000 6.403686
17.000000 4.000000 7.676449
17.000000 5.000000 8.891472
17.000000 6.000000 10.042544
17.000000 7.000000 11.124965
17.000000 8.000000 12.135461
17.000000 9.000000 13.072038
17.000000 10.000000 13.933809
17.000000 11.000000 14.720797
17.000000 12.000000 15.433743
17.000000 13.000000 16.073919
17.000000 14.000000 16.642963
17.000000 15.000000 17.142729
17.000000 16.000000 17.575163
17.000000 17.000000 17.942199
17.000000 18.000000 18.245671
17.000000 19.000000 18.487248
17.000000 20.000000 18.668383
17.000000 21.000000 18.790278
17.000000 22.000000 18.853855
17.000000 23.000000 18.859752
17.000000 24.000000 18.808316
17.000000 25.000000 18.699612
17.000000 26.000000 18.533448
17.000000 27.000000 18.309401
17.000000 28.000000 18.026862
17.000000 29.000000 17.685090
17.000000 30.000000 17.283278
17.000000 31.000000 16.820634
17.000000 32.000000 16.296474
17.000000 33.000000 15.710326
17.000000 34.000000 15.062039
17.000000 35.000000 14.351901
17.000000 36.000000 13.580751
17.000000 37.000000 12.750081
17.000000 38.000000 11.862116

18.000000 1.000000 3.582632
18.000000 2.000000 4.898216
18.000000 3.000000 6.176245
18.000000 4.000000 7.408129
18.000000 5.000000 8.586500
18.000000 6.000000 9.705306
18.000000 7.000000 10.759823
18.000000 8.000000 11.746599
18.000000 9.000000 12.663348
18.000000 10.000000 13.508819
18.000000 11.000000 14.282628
18.000000 12.000000 14.985099
18.000000 13.000000 15.617097
18.000000 14.000000 16.179882
18.000000 15.000000 16.674964
18.000000 16.000000 17.103989
18.000000 17.000000 17.468635
18.000000 18.000000 17.770523
18.000000 19.000000 18.011156
18.000000 20.000000 18.191858
18.000000 21.000000 18.313744
18.000000 22.000000 18.377687
18.000000 23.000000 18.384308
18.000000 24.000000 18.333972
18.000000 25.000000 18.226800
18.000000 26.000000 18.062685
18.000000 27.000000 17.841324
18.000000 28.000000 17.562258
18.000000 29.000000 17.224927
18.000000 30.000000 16.828736
18.000000 31.000000 16.373124
18.000000 32.000000 15.857657
18.000000 33.000000 15.282117
18.000000 34.000000 14.646601
18.000000 35.000000 13.951622
18.000000 36.000000 13.198206
18.000000 37.000000 12.387968
18.000000 38.000000 11.523183

19.000000 1.000000 3.483157
19.000000 2.000000 4.763090
19.000000 3.000000 6.007647
19.000000 4.000000 7.208637
19.000000 5.000000 8.358964
19.000000 6.000000 9.452714
19.000000 7.000000 10.485181
19.000000 8.000000 11.452828
19.000000 9.000000 12.353211
19.000000 10.000000 13.184861
19.000000 11.000000 13.947146
19.000000 12.000000 14.640127
19.000000 13.000000 15.264410
19.000000 14.000000 15.821003
19.000000 15.000000 16.311190
19.000000 16.000000 16.736414
19.000000 17.000000 17.098174
19.000000 18.000000 17.397948
19.000000 19.000000 17.637116
19.000000 20.000000 17.816915
19.000000 21.000000 17.938394
19.000000 22.000000 18.002388
19.000000 23.000000 18.009504
19.000000 24.000000 17.960119
19.000000 25.000000 17.854387
19.000000 26.000000 17.692259
19.000000 27.000000 17.473510
19.000000 28.000000 17.197784
19.000000 29.000000 16.864640
19.000000 30.000000 16.473620
19.000000 31.000000 16.024316
19.000000 32.000000 15.516453
19.000000 33.000000 14.949975
19.000000 34.000000 14.325133
19.000000 35.000000 13.642578
19.000000 36.000000 12.903442
19.000000 37.000000 12.109409
19.000000 38.000000 11.262773

20.000000 1.000000 3.417305
20.000000 2.000000 4.673450
20.000000 3.000000 5.895416
20.000000 4.000000 7.075249
20.000000 5.000000 8.206024
20.000000 6.000000 9.281929
20.000000 7.000000 10.298302
20.000000 8.000000 11.251594
20.000000 9.000000 12.139306
20.000000 10.000000 12.959880
20.000000 11.000000 13.712575
20.000000 12.000000 14.397328
20.000000 13.000000 15.014619
20.000000 14.000000 15.565331
20.000000 15.000000 16.050627
20.000000 16.000000 16.471842
20.000000 17.000000 16.830380
20.000000 18.000000 17.127633
20.000000 19.000000 17.364916
20.000000 20.000000 17.543410
20.000000 21.000000 17.664125
20.000000 22.000000 17.727871
20.000000 23.000000 17.735245
20.000000 24.000000 17.686626
20.000000 25.000000 17.582184
20.000000 26.000000 17.421898
20.000000 27.000000 17.205584
20.000000 28.000000 16.932937
20.000000 29.000000 16.603580
20.000000 30.000000 16.217122
20.000000 31.000000 15.773232
20.000000 32.000000 15.271714
20.000000 33.000000 14.712586
20.000000 34.000000 14.096172
20.000000 35.000000 13.423181
20.000000 36.000000 12.694789
20.000000 37.000000 11.912701
20.000000 38.000000 11.079204

21.000000 1.000000 3.384186
21.000000 2.000000 4.628114
21.000000 3.000000 5.838143
21.000000 4.000000 7.006393
21.000000 5.000000 8.126007
21.000000 6.000000 9.191243
21.000000 7.000000 10.197493
21.000000 8.000000 11.141263
21.000000 9.000000 12.020090
21.000000 10.000000 12.832448
21.000000 11.000000 13.577614
21.000000 12.000000 14.255534
21.000000 13.000000 14.866686
21.000000 14.000000 15.411947
21.000000 15.000000 15.892469
21.000000 16.000000 16.309568
21.000000 17.000000 16.664629
21.000000 18.000000 16.959028
21.000000 19.000000 17.194060
21.000000 20.000000 17.370888
21.000000 21.000000 17.490509
21.000000 22.000000 17.553721
21.000000 23.000000 17.561112
21.000000 24.000000 17.513058
21.000000 25.000000 17.409726
21.000000 26.000000 17.251095
21.000000 27.000000 17.036986
21.000000 28.000000 16.767096
21.000000 29.000000 16.441053
21.000000 30.000000 16.058471
21.000000 31.000000 15.619022
21.000000 32.000000 15.122507
21.000000 33.000000 14.568945
21.000000 34.000000 13.958649
21.000000 35.000000 13.292318
21.000000 36.000000 12.571110
21.000000 37.000000 11.796708
21.000000 38.000000 10.971374

22.000000 1.000000 3.383565
22.000000 2.000000 4.626763
22.000000 3.000000 5.835423
22.000000 4.000000 7.001579
22.000000 5.000000 8.118350
22.000000 6.000000 9.180020
22.000000 7.000000 10.182061
22.000000 8.000000 11.121090
22.000000 9.000000 11.994783
22.000000 10.000000 12.801757
22.000000 11.000000 13.541437
22.000000 12.000000 14.213908
22.000000 13.000000 14.819776
22.000000 14.000000 15.360024
22.000000 15.000000 15.835896
22.000000 16.000000 16.248785
22.000000 17.000000 16.600133
22.000000 18.000000 16.891357
22.000000 19.000000 17.123783
22.000000 20.000000 17.298597
22.000000 21.000000 17.416802
22.000000 22.000000 17.479200
22.000000 23.000000 17.486374
22.000000 24.000000 17.438685
22.000000 25.000000 17.336284
22.000000 26.000000 17.179121
22.000000 27.000000 16.966983
22.000000 28.000000 16.699526
22.000000 29.000000 16.376326
22.000000 30.000000 15.996935
22.000000 31.000000 15.560957
22.000000 32.000000 15.068116
22.000000 33.000000 14.518346
22.000000 34.000000 13.911878
22.000000 35.000000 13.249326
22.000000 36.000000 12.531771
22.000000 37.000000 11.760832
22.000000 38.000000 10.938722

23.000000 1.000000 3.415864
23.000000 2.000000 4.669931
23.000000 3.000000 5.887848
23.000000 4.000000 7.061401
23.000000 5.000000 8.183586
23.000000 6.000000 9.248693
23.000000 7.000000 10.252300
23.000000 8.000000 11.191211
23.000000 9.000000 12.063347
23.000000 10.000000 12.867601
23.000000 11.000000 13.603680
23.000000 12.000000 14.271944
23.000000 13.000000 14.873252
23.000000 14.000000 15.408817
23.000000 15.000000 15.880078
23.000000 16.000000 16.288590
23.000000 17.000000 16.635930
23.000000 18.000000 16.923619
23.000000 19.000000 17.153060
23.000000 20.000000 17.325492
23.000000 21.000000 17.441954
23.000000 22.000000 17.503260
23.000000 23.000000 17.509992
23.000000 24.000000 17.462490
23.000000 25.000000 17.360868
23.000000 26.000000 17.205024
23.000000 27.000000 16.994674
23.000000 28.000000 16.729384
23.000000 29.000000 16.408623
23.000000 30.000000 16.031819
23.000000 31.000000 15.598431
23.000000 32.000000 15.108029
23.000000 33.000000 14.560381
23.000000 34.000000 13.955551
23.000000 35.000000 13.293991
23.000000 36.000000 12.576641
23.000000 37.000000 11.805007
23.000000 38.000000 10.981232

24.000000 1.000000 3.482204
24.000000 2.000000 4.759064
24.000000 3.000000 5.997069
24.000000 4.000000 7.187585
24.000000 5.000000 8.323402
24.000000 6.000000 9.398799
24.000000 7.000000 10.409517
24.000000 8.000000 11.352651
24.000000 9.000000 12.226500
24.000000 10.000000 13.030379
24.000000 11.000000 13.764433
24.000000 12.000000 14.429445
24.000000 13.000000 15.026664
24.000000 14.000000 15.557653
24.000000 15.000000 16.024152
24.000000 16.000000 16.427969
24.000000 17.000000 16.770885
24.000000 18.000000 17.054584
24.000000 19.000000 17.280592
24.000000 20.000000 17.450233
24.000000 21.000000 17.564600
24.000000 22.000000 17.624536
24.000000 23.000000 17.630618
24.000000 24.000000 17.583161
24.000000 25.000000 17.482224
24.000000 26.000000 17.327626
24.000000 27.000000 17.118976
24.000000 28.000000 16.855706
24.000000 29.000000 16.537121
24.000000 30.000000 16.162458
24.000000 31.000000 15.730956
24.000000 32.000000 15.241945
24.000000 33.000000 14.694939
24.000000 34.000000 14.089742
24.000000 35.000000 13.426559
24.000000 36.000000 12.706110
24.000000 37.000000 11.929729
24.000000 38.000000 11.099453

25.000000 1.000000 3.584507
25.000000 2.000000 4.896642
25.000000 3.000000 6.165926
25.000000 4.000000 7.383122
25.000000 5.000000 8.540735
25.000000 6.000000 9.633059
25.000000 7.000000 10.656089
25.000000 8.000000 11.607357
25.000000 9.000000 12.485713
25.000000 10.000000 13.291081
25.000000 11.000000 14.024220
25.000000 12.000000 14.686502
25.000000 13.000000 15.279716
25.000000 14.000000 15.805900
25.000000 15.000000 16.267202
25.000000 16.000000 16.665769
25.000000 17.000000 17.003658
25.000000 18.000000 17.282769
25.000000 19.000000 17.504789
25.000000 20.000000 17.671160
25.000000 21.000000 17.783048
25.000000 22.000000 17.841328
25.000000 23.000000 17.846578
25.000000 24.000000 17.799077
25.000000 25.000000 17.698814
25.000000 26.000000 17.545505
25.000000 27.000000 17.338615
25.000000 28.000000 17.077398
25.000000 29.000000 16.760937
25.000000 30.000000 16.388209
25.000000 31.000000 15.958155
25.000000 32.000000 15.469772
25.000000 33.000000 14.922219
25.000000 34.000000 14.314934
25.000000 35.000000 13.647770
25.000000 36.000000 12.921131
25.000000 37.000000 12.136101
25.000000 38.000000 11.294560

26.000000 1.000000 3.725655
26.000000 2.000000 5.086379
26.000000 3.000000 6.398659
26.000000 4.000000 7.652459
26.000000 5.000000 8.839953
26.000000 6.000000 9.955513
26.000000 7.000000 10.995552
26.000000 8.000000 11.958248
26.000000 9.000000 12.843237
26.000000 10.000000 13.651281
26.000000 11.000000 14.383970
26.000000 12.000000 15.043453
26.000000 13.000000 15.632220
26.000000 14.000000 16.152917
26.000000 15.000000 16.608206
26.000000 16.000000 17.000659
26.000000 17.000000 17.332670
26.000000 18.000000 17.606404
26.000000 19.000000 17.823746
26.000000 20.000000 17.986276
26.000000 21.000000 18.095249
26.000000 22.000000 18.151581
26.000000 23.000000 18.155848
26.000000 24.000000 18.108285
26.000000 25.000000 18.008797
26.000000 26.000000 17.856970
26.000000 27.000000 17.652096
26.000000 28.000000 17.393203
26.000000 29.000000 17.079098
26.000000 30.000000 16.708428
26.000000 31.000000 16.279749
26.000000 32.000000 15.791624
26.000000 33.000000 15.242740
26.000000 34.000000 14.632044
26.000000 35.000000 13.958905
26.000000 36.000000 13.223287
26.000000 37.000000 12.425916
26.000000 38.000000 11.568442

27.000000 1.000000 3.909740
27.000000 2.000000 5.333528
27.000000 3.000000 6.701229
27.000000 4.000000 8.001804
27.000000 5.000000 9.227090
27.000000 6.000000 10.371699
27.000000 7.000000 11.432713
27.000000 8.000000 12.409270
27.000000 9.000000 13.302104
27.000000 10.000000 14.113110
27.000000 11.000000 14.844967
27.000000 12.000000 15.500820
27.000000 13.000000 16.084032
27.000000 14.000000 16.597993
27.000000 15.000000 17.045982
27.000000 16.000000 17.431072
27.000000 17.000000 17.756052
27.000000 18.000000 18.023390
27.000000 19.000000 18.235196
27.000000 20.000000 18.393206
27.000000 21.000000 18.498772
27.000000 22.000000 18.552855
27.000000 23.000000 18.556026
27.000000 24.000000 18.508470
27.000000 25.000000 18.409992
27.000000 26.000000 18.260028
27.000000 27.000000 18.057666
27.000000 28.000000 17.801670
27.000000 29.000000 17.490514
27.000000 30.000000 17.122444
27.000000 31.000000 16.695539
27.000000 32.000000 16.207817
27.000000 33.000000 15.657358
27.000000 34.000000 15.042466
27.000000 35.000000 14.361859
27.000000 36.000000 13.614891
27.000000 37.000000 12.801783
27.000000 38.000000 11.923843

28.000000 1.000000 4.142445
28.000000 2.000000 5.645337
28.000000 3.000000 7.081782
28.000000 4.000000 8.439537
28.000000 5.000000 9.710190
28.000000 6.000000 10.888887
28.000000 7.000000 11.973796
28.000000 8.000000 12.965454
28.000000 9.000000 13.866122
28.000000 10.000000 14.679205
28.000000 11.000000 15.408779
28.000000 12.000000 16.059224
28.000000 13.000000 16.634960
28.000000 14.000000 17.140256
28.000000 15.000000 17.579102
28.000000 16.000000 17.955135
28.000000 17.000000 18.271583
28.000000 18.000000 18.531244
28.000000 19.000000 18.736467
28.000000 20.000000 18.889155
28.000000 21.000000 18.990758
28.000000 22.000000 19.042283
28.000000 23.000000 19.044292
28.000000 24.000000 18.996912
28.000000 25.000000 18.899837
28.000000 26.000000 18.752337
28.000000 27.000000 18.553271
28.000000 28.000000 18.301101
28.000000 29.000000 17.993923
28.000000 30.000000 17.629508
28.000000 31.000000 17.205368
28.000000 32.000000 16.718852
28.000000 33.000000 16.167278
28.000000 34.000000 15.548116
28.000000 35.000000 14.859222
28.000000 36.000000 14.099114
28.000000 37.000000 13.267291
28.000000 38.000000 12.364549

29.000000 1.000000 4.431603
29.000000 2.000000 6.031722
29.000000 3.000000 7.551318
29.000000 4.000000 8.976790
29.000000 5.000000 10.299737
29.000000 6.000000 11.516369
29.000000 7.000000 12.626579
29.000000 8.000000 13.632950
29.000000 9.000000 14.539839
29.000000 10.000000 15.352623
29.000000 11.000000 16.077136
29.000000 12.000000 16.719256
29.000000 13.000000 17.284642
29.000000 14.000000 17.778561
29.000000 15.000000 18.205792
29.000000 16.000000 18.570580
29.000000 17.000000 18.876615
29.000000 18.000000 19.127032
29.000000 19.000000 19.324426
29.000000 20.000000 19.470860
29.000000 21.000000 19.567882
29.000000 22.000000 19.616534
29.000000 23.000000 19.617368
29.000000 24.000000 19.570444
29.000000 25.000000 19.475339
29.000000 26.000000 19.331148
29.000000 27.000000 19.136484
29.000000 28.000000 18.889484
29.000000 29.000000 18.587821
29.000000 30.000000 18.228732
29.000000 31.000000 17.809070
29.000000 32.000000 17.325381
29.000000 33.000000 16.774048
29.000000 34.000000 16.151479
29.000000 35.000000 15.454389
29.000000 36.000000 14.680154
29.000000 37.000000 13.827238
29.000000 38.000000 12.895659

30.000000 1.000000 4.788061
30.000000 2.000000 6.506263
30.000000 3.000000 8.124646
30.000000 4.000000 9.628228
30.000000 5.000000 11.009209
30.000000 6.000000 12.265772
30.000000 7.000000 13.400530
30.000000 8.000000 14.419016
30.000000 9.000000 15.328426
30.000000 10.000000 16.136677
30.000000 11.000000 16.851755
30.000000 12.000000 17.481303
30.000000 13.000000 18.032381
30.000000 14.000000 18.511346
30.000000 15.000000 18.923811
30.000000 16.000000 19.274641
30.000000 17.000000 19.567985
30.000000 18.000000 19.807305
30.000000 19.000000 19.995420
30.000000 20.000000 20.134542
30.000000 21.000000 20.226299
30.000000 22.000000 20.271763
30.000000 23.000000 20.271464
30.000000 24.000000 20.225395
30.000000 25.000000 20.133016
30.000000 26.000000 19.993243
30.000000 27.000000 19.804440
30.000000 28.000000 19.564408
30.000000 29.000000 19.270373
30.000000 30.000000 18.918993
30.000000 31.000000 18.506376
30.000000 32.000000 18.028140
30.000000 33.000000 17.479535
30.000000 34.000000 16.855639
30.000000 35.000000 16.151673
30.000000 36.000000 15.363447
30.000000 37.000000 14.487938
30.000000 38.000000 13.523964

31.000000 1.000000 5.227013
31.000000 2.000000 7.087715
31.000000 3.000000 8.821759
31.000000 4.000000 10.413102
31.000000 5.000000 11.855743
31.000000 6.000000 13.151383
31.000000 7.000000 14.306855
31.000000 8.000000 15.331892
31.000000 9.000000 16.237469
31.000000 10.000000 17.034684
31.000000 11.000000 17.734084
31.000000 12.000000 18.345310
31.000000 13.000000 18.876939
31.000000 14.000000 19.336457
31.000000 15.000000 19.730304
31.000000 16.000000 20.063938
31.000000 17.000000 20.341924
31.000000 18.000000 20.568013
31.000000 19.000000 20.745212
31.000000 20.000000 20.875846
31.000000 21.000000 20.961602
31.000000 22.000000 21.003565
31.000000 23.000000 21.002238
31.000000 24.000000 20.957545
31.000000 25.000000 20.868834
31.000000 26.000000 20.734855
31.000000 27.000000 20.553737
31.000000 28.000000 20.322955
31.000000 29.000000 20.039289
31.000000 30.000000 19.698796
31.000000 31.000000 19.296784
31.000000 32.000000 18.827829
31.000000 33.000000 18.285850
31.000000 34.000000 17.664285
31.000000 35.000000 16.956423
31.000000 36.000000 16.155930
31.000000 37.000000 15.257626
31.000000 38.000000 14.258469

32.000000 1.000000 5.770143
32.000000 2.000000 7.802333
32.000000 3.000000 9.669819
32.000000 4.000000 11.356624
32.000000 5.000000 12.860883
32.000000 6.000000 14.190383
32.000000 7.000000 15.358392
32.000000 8.000000 16.380506
32.000000 9.000000 17.272584
32.000000 10.000000 18.049577
32.000000 11.000000 18.724946
32.000000 12.000000 19.310475
32.000000 13.000000 19.816283
32.000000 14.000000 20.250943
32.000000 15.000000 20.621643
32.000000 16.000000 20.934349
32.000000 17.000000 21.193961
32.000000 18.000000 21.404442
32.000000 19.000000 21.568924
32.000000 20.000000 21.689798
32.000000 21.000000 21.768778
32.000000 22.000000 21.806938
32.000000 23.000000 21.804744
32.000000 24.000000 21.762061
32.000000 25.000000 21.678138
32.000000 26.000000 21.551587
32.000000 27.000000 21.380335
32.000000 28.000000 21.161571
32.000000 29.000000 20.891667
32.000000 30.000000 20.566097
32.000000 31.000000 20.179361
32.000000 32.000000 19.724919
32.000000 33.000000 19.195187
32.000000 34.000000 18.581639
32.000000 35.000000 17.875099
32.000000 36.000000 17.066328
32.000000 37.000000 16.147005
32.000000 38.000000 15.111156

33.000000 1.000000 6.449181
33.000000 2.000000 8.687544
33.000000 3.000000 10.706015
33.000000 4.000000 12.491688
33.000000 5.000000 14.051279
33.000000 6.000000 15.402829
33.000000 7.000000 16.569192
33.000000 8.000000 17.573876
33.000000 9.000000 18.438805
33.000000 10.000000 19.183343
33.000000 11.000000 19.824060
33.000000 12.000000 20.374862
33.000000 13.000000 20.847286
33.000000 14.000000 21.250828
33.000000 15.000000 21.593256
33.000000 16.000000 21.880890
33.000000 17.000000 22.118828
33.000000 18.000000 22.311135
33.000000 19.000000 22.460983
33.000000 20.000000 22.570764
33.000000 21.000000 22.642169
33.000000 22.000000 22.676240
33.000000 23.000000 22.673400
33.000000 24.000000 22.633457
33.000000 25.000000 22.555594
33.000000 26.000000 22.438327
33.000000 27.000000 22.279444
33.000000 28.000000 22.075918
33.000000 29.000000 21.823798
33.000000 30.000000 21.518062
33.000000 31.000000 21.152461
33.000000 32.000000 20.719349
33.000000 33.000000 20.209538
33.000000 34.000000 19.612252
33.000000 35.000000 18.915270
33.000000 36.000000 18.105463
33.000000 37.000000 17.169947
33.000000 38.000000 16.098077

34.000000 1.000000 7.312113
34.000000 2.000000 9.797880
34.000000 3.000000 11.981635
34.000000 4.000000 13.860826
34.000000 5.000000 15.459043
34.000000 6.000000 16.811084
34.000000 7.000000 17.953544
34.000000 8.000000 18.920082
34.000000 9.000000 19.739649
34.000000 10.000000 20.436257
34.000000 11.000000 21.029445
34.000000 12.000000 21.534952
34.000000 13.000000 21.965394
34.000000 14.000000 22.330872
34.000000 15.000000 22.639458
34.000000 16.000000 22.897590
34.000000 17.000000 23.110380
34.000000 18.000000 23.281847
34.000000 19.000000 23.415090
34.000000 20.000000 23.512422
34.000000 21.000000 23.575458
34.000000 22.000000 23.605178
34.000000 23.000000 23.601952
34.000000 24.000000 23.565553
34.000000 25.000000 23.495131
34.000000 26.000000 23.389169
34.000000 27.000000 23.245401
34.000000 28.000000 23.060706
34.000000 29.000000 22.830946
34.000000 30.000000 22.550767
34.000000 31.000000 22.213343
34.000000 32.000000 21.810065
34.000000 33.000000 21.330200
34.000000 34.000000 20.760568
34.000000 35.000000 20.085378
34.000000 36.000000 19.286462
34.000000 37.000000 18.344381
34.000000 38.000000 17.240983

35.000000 1.000000 8.434636
35.000000 2.000000 11.214769
35.000000 3.000000 13.567571
35.000000 4.000000 15.517880
35.000000 5.000000 17.121080
35.000000 6.000000 18.438145
35.000000 7.000000 19.524131
35.000000 8.000000 20.424620
35.000000 9.000000 21.175809
35.000000 10.000000 21.805900
35.000000 11.000000 22.336720
35.000000 12.000000 22.785150
35.000000 13.000000 23.164292
35.000000 14.000000 23.484350
35.000000 15.000000 23.753303
35.000000 16.000000 23.977404
35.000000 17.000000 24.161540
35.000000 18.000000 24.309505
35.000000 19.000000 24.424197
35.000000 20.000000 24.507755
35.000000 21.000000 24.561660
35.000000 22.000000 24.586794
35.000000 23.000000 24.583474
35.000000 24.000000 24.551454
35.000000 25.000000 24.489901
35.000000 26.000000 24.397341
35.000000 27.000000 24.271574
35.000000 28.000000 24.109532
35.000000 29.000000 23.907099
35.000000 30.000000 23.658847
35.000000 31.000000 23.357682
35.000000 32.000000 22.994380
35.000000 33.000000 22.556983
35.000000 34.000000 22.030083
35.000000 35.000000 21.394073
35.000000 36.000000 20.624658
35.000000 37.000000 19.693279
35.000000 38.000000 18.569760

36.000000 1.000000 9.942806
36.000000 2.000000 13.062817
36.000000 3.000000 15.560849
36.000000 4.000000 17.527891
36.000000 5.000000 19.076076
36.000000 6.000000 20.304056
36.000000 7.000000 21.288906
36.000000 8.000000 22.088029
36.000000 9.000000 22.743479
36.000000 10.000000 23.286030
36.000000 11.000000 23.738353
36.000000 12.000000 24.117316
36.000000 13.000000 24.435607
36.000000 14.000000 24.702867
36.000000 15.000000 24.926487
36.000000 16.000000 25.112159
36.000000 17.000000 25.264276
36.000000 18.000000 25.386213
36.000000 19.000000 25.480521
36.000000 20.000000 25.549070
36.000000 21.000000 25.593142
36.000000 22.000000 25.613493
36.000000 23.000000 25.610378
36.000000 24.000000 25.583557
36.000000 25.000000 25.532268
36.000000 26.000000 25.455175
36.000000 27.000000 25.350270
36.000000 28.000000 25.214734
36.000000 29.000000 25.044732
36.000000 30.000000 24.835114
36.000000 31.000000 24.578991
36.000000 32.000000 24.267123
36.000000 33.000000 23.887050
36.000000 34.000000 23.421883
36.000000 35.000000 22.848697
36.000000 36.000000 22.136637
36.000000 37.000000 21.245393
36.000000 38.000000 20.126057

37.000000 1.000000 12.061772
37.000000 2.000000 15.535933
37.000000 3.000000 18.089028
37.000000 4.000000 19.961480
37.000000 5.000000 21.356787
37.000000 6.000000 22.419370
37.000000 7.000000 23.246420
37.000000 8.000000 23.902838
37.000000 9.000000 24.432455
37.000000 10.000000 24.865440
37.000000 11.000000 25.223008
37.000000 12.000000 25.520386
37.000000 13.000000 25.768715
37.000000 14.000000 25.976277
37.000000 15.000000 26.149310
37.000000 16.000000 26.292555
37.000000 17.000000 26.409629
37.000000 18.000000 26.503284
37.000000 19.000000 26.575587
37.000000 20.000000 26.628042
37.000000 21.000000 26.661674
37.000000 22.000000 26.677079
37.000000 23.000000 26.674451
37.000000 24.000000 26.653581
37.000000 25.000000 26.613835
37.000000 26.000000 26.554103
37.000000 27.000000 26.472715
37.000000 28.000000 26.367305
37.000000 29.000000 26.234620
37.000000 30.000000 26.070217
37.000000 31.000000 25.868019
37.000000 32.000000 25.619642
37.000000 33.000000 25.313335
37.000000 34.000000 24.932338
37.000000 35.000000 24.452302
37.000000 36.000000 23.837345
37.000000 37.000000 23.034539
37.000000 38.000000 21.968303

38.000000 1.000000 15.231445
38.000000 2.000000 18.932447
38.000000 3.000000 21.300807
38.000000 4.000000 22.875779
38.000000 5.000000 23.974383
38.000000 6.000000 24.774955
38.000000 7.000000 25.379865
38.000000 8.000000 25.850284
38.000000 9.000000 26.224411
38.000000 10.000000 26.527105
38.000000 11.000000 26.775149
38.000000 12.000000 26.980233
38.000000 13.000000 27.150718
38.000000 14.000000 27.292711
38.000000 15.000000 27.410751
38.000000 16.000000 27.508251
38.000000 17.000000 27.587791
38.000000 18.000000 27.651325
38.000000 19.000000 27.700306
38.000000 20.000000 27.735793
38.000000 21.000000 27.758498
38.000000 22.000000 27.768836
38.000000 23.000000 27.766936
38.000000 24.000000 27.752643
38.000000 25.000000 27.725502
38.000000 26.000000 27.684717
38.000000 27.000000 27.629087
38.000000 28.000000 27.556899
38.000000 29.000000 27.465775
38.000000 30.000000 27.352425
38.000000 31.000000 27.212270
38.000000 32.000000 27.038829
38.000000 33.000000 26.822710
38.000000 34.000000 26.549864
38.000000 35.000000 26.198465
38.000000 36.000000 25.733106
38.000000 37.000000 25.093868
38.000000 38.000000 24.176431

